#n = 20
3086.0000
3917.0000
2173.0000
4313.0000
870.0000
4637.0000
2596.0000
3450.0000
703.0000
3185.0000
2591.0000
1842.0000
2216.0000
1185.0000
909.0000
1370.0000
108.0000
1218.0000
1856.0000
4511.0000
323.0000
189.0000
2838.0000
4023.0000
1362.0000
551.0000
4153.0000
3690.0000
660.0000
3915.0000
3789.0000
1419.0000
894.0000
3233.0000
1045.0000
2388.0000
2090.0000
1315.0000
4014.0000
3290.0000
2279.0000
3267.0000
4637.0000
1171.0000
4206.0000
3149.0000
2600.0000
4637.0000
2105.0000
3404.0000
3467.0000
2699.0000
875.0000
2240.0000
2107.0000
3743.0000
3560.0000
2781.0000
2764.0000
2955.0000
3411.0000
1784.0000
1561.0000
1066.0000
452.0000
2823.0000
423.0000
1046.0000
2489.0000
4637.0000
3251.0000
4399.0000
1925.0000
2721.0000
3825.0000
4637.0000
2530.0000
126.0000
2919.0000
1595.0000
3087.0000
4214.0000
811.0000
2358.0000
846.0000
1590.0000
4093.0000
3897.0000
4320.0000
4637.0000
3456.0000
1610.0000
812.0000
4637.0000
3463.0000
437.0000
3324.0000
3700.0000
2595.0000
1546.0000
595.0000
1347.0000
1799.0000
326.0000
1313.0000
3841.0000
3813.0000
1721.0000
1488.0000
2375.0000
2604.0000
1181.0000
3047.0000
2127.0000
3212.0000
3641.0000
4511.0000
3997.0000
4637.0000
558.0000
623.0000
2215.0000
1419.0000
2033.0000
2970.0000
1030.0000
1690.0000
2829.0000
3883.0000
3653.0000
3941.0000
1077.0000
4273.0000
2251.0000
996.0000
3977.0000
4294.0000
1491.0000
317.0000
3275.0000
1452.0000
1718.0000
1497.0000
2980.0000
3281.0000
431.0000
2844.0000
3593.0000
324.0000
984.0000
2163.0000
3830.0000
3199.0000
2101.0000
4574.0000
2444.0000
4151.0000
1170.0000
2767.0000
3419.0000
1218.0000
1226.0000
690.0000
848.0000
63.0000
2723.0000
4185.0000
4320.0000
2536.0000
1604.0000
4637.0000
2424.0000
558.0000
2853.0000
1234.0000
3645.0000
372.0000
3027.0000
2064.0000
1729.0000
3218.0000
1187.0000
1776.0000
3466.0000
2712.0000
374.0000
612.0000
1657.0000
696.0000
3489.0000
2422.0000
748.0000
1793.0000
4637.0000
484.0000
3826.0000
3272.0000
4403.0000
3513.0000
3095.0000
2186.0000
380.0000
152.0000
4403.0000
967.0000
2532.0000
506.0000
722.0000
4637.0000
4314.0000
3419.0000
3214.0000
2357.0000
4265.0000
4042.0000
2573.0000
1870.0000
3091.0000
3962.0000
2634.0000
2397.0000
3146.0000
1404.0000
324.0000
4366.0000
2547.0000
1938.0000
2386.0000
4465.0000
3970.0000
2271.0000
1551.0000
4637.0000
3808.0000
614.0000
3889.0000
3791.0000
4637.0000
3452.0000
3086.0000
234.0000
3615.0000
376.0000
2760.0000
1814.0000
1022.0000
2014.0000
2916.0000
4637.0000
3322.0000
3033.0000
2148.0000
4025.0000
2960.0000
4131.0000
2421.0000
4637.0000
947.0000
495.0000
1877.0000
824.0000
2474.0000
3403.0000
2141.0000
4448.0000
126.0000
807.0000
1438.0000
4257.0000
2193.0000
1425.0000
1657.0000
829.0000
2980.0000
740.0000
3670.0000
1762.0000
4637.0000
2366.0000
343.0000
4485.0000
2875.0000
1549.0000
4311.0000
4565.0000
389.0000
1365.0000
1278.0000
720.0000
1981.0000
640.0000
2853.0000
3359.0000
4529.0000
1551.0000
1233.0000
2451.0000
2908.0000
2033.0000
675.0000
1293.0000
3598.0000
2046.0000
3607.0000
2464.0000
2262.0000
3528.0000
72.0000
1124.0000
4079.0000
3939.0000
667.0000
3042.0000
3218.0000
937.0000
3575.0000
3591.0000
2037.0000
1869.0000
1109.0000
4637.0000
2947.0000
2213.0000
3767.0000
3140.0000
172.0000
1550.0000
1062.0000
1677.0000
4399.0000
2623.0000
317.0000
2496.0000
4263.0000
364.0000
4637.0000
1044.0000
1356.0000
2795.0000
1873.0000
3934.0000
4200.0000
1784.0000
1467.0000
992.0000
4261.0000
3088.0000
796.0000
472.0000
4142.0000
2041.0000
1799.0000
1808.0000
4165.0000
486.0000
248.0000
1148.0000
4248.0000
271.0000
1916.0000
1039.0000
238.0000
238.0000
698.0000
3571.0000
1386.0000
3344.0000
2042.0000
3592.0000
1667.0000
2249.0000
3076.0000
3845.0000
4637.0000
1423.0000
1174.0000
2768.0000
2861.0000
792.0000
4389.0000
3728.0000
3170.0000
2510.0000
4079.0000
4313.0000
1542.0000
754.0000
2280.0000
1682.0000
234.0000
4086.0000
4637.0000
2003.0000
2604.0000
3762.0000
1914.0000
2838.0000
2656.0000
544.0000
3947.0000
