#n = 15
3204.0000
350.0000
3028.0000
234.0000
482.0000
2153.0000
2027.0000
1659.0000
722.0000
1932.0000
3040.0000
120.0000
2634.0000
1009.0000
905.0000
3210.0000
1280.0000
1006.0000
2107.0000
1170.0000
3363.0000
1431.0000
2431.0000
2458.0000
1911.0000
2261.0000
2425.0000
2521.0000
2010.0000
930.0000
3021.0000
1512.0000
857.0000
689.0000
2671.0000
772.0000
2114.0000
761.0000
1336.0000
423.0000
342.0000
1353.0000
3363.0000
1692.0000
1938.0000
563.0000
3123.0000
1851.0000
3363.0000
153.0000
72.0000
842.0000
932.0000
1425.0000
2286.0000
1899.0000
1947.0000
437.0000
495.0000
375.0000
1770.0000
2083.0000
3363.0000
2576.0000
1077.0000
3363.0000
1122.0000
2674.0000
1089.0000
949.0000
2881.0000
1935.0000
3363.0000
574.0000
317.0000
1854.0000
1704.0000
2234.0000
1862.0000
1512.0000
1102.0000
3363.0000
1684.0000
387.0000
159.0000
178.0000
2722.0000
2636.0000
306.0000
81.0000
1584.0000
3129.0000
172.0000
1255.0000
2908.0000
3131.0000
773.0000
240.0000
1679.0000
950.0000
2868.0000
3363.0000
2789.0000
1272.0000
3021.0000
787.0000
961.0000
729.0000
2756.0000
323.0000
2665.0000
1337.0000
582.0000
569.0000
2976.0000
615.0000
1184.0000
2940.0000
1030.0000
2591.0000
1572.0000
2274.0000
1791.0000
2299.0000
2641.0000
2179.0000
692.0000
2602.0000
2357.0000
1851.0000
2781.0000
1512.0000
2590.0000
2696.0000
1630.0000
2193.0000
2413.0000
3291.0000
1369.0000
1593.0000
3282.0000
2091.0000
938.0000
2354.0000
2273.0000
1671.0000
1779.0000
3013.0000
1159.0000
3282.0000
423.0000
3191.0000
667.0000
1416.0000
1184.0000
1698.0000
3363.0000
2940.0000
335.0000
514.0000
455.0000
2988.0000
2708.0000
3363.0000
3363.0000
3363.0000
3185.0000
2868.0000
1129.0000
2768.0000
3363.0000
1994.0000
2007.0000
1090.0000
2241.0000
3363.0000
641.0000
1296.0000
1078.0000
1428.0000
2026.0000
1509.0000
2849.0000
1501.0000
2333.0000
727.0000
1064.0000
1210.0000
1356.0000
2506.0000
698.0000
1818.0000
2794.0000
232.0000
2748.0000
2402.0000
2108.0000
81.0000
3057.0000
2800.0000
3243.0000
754.0000
1733.0000
1665.0000
2067.0000
1464.0000
2609.0000
1452.0000
2179.0000
2433.0000
2285.0000
607.0000
495.0000
2204.0000
3363.0000
342.0000
2414.0000
595.0000
2926.0000
1545.0000
1851.0000
655.0000
1249.0000
1256.0000
3046.0000
