#n = 17
1068.0000
2485.0000
2315.0000
157.0000
4066.0000
3347.0000
1583.0000
928.0000
1996.0000
1080.0000
1927.0000
2445.0000
2059.0000
1094.0000
3092.0000
644.0000
221.0000
3319.0000
3388.0000
259.0000
4066.0000
620.0000
2195.0000
4066.0000
4066.0000
2792.0000
2565.0000
1703.0000
959.0000
3845.0000
72.0000
1767.0000
1461.0000
3994.0000
1400.0000
3413.0000
1243.0000
1452.0000
1331.0000
2703.0000
183.0000
1243.0000
2170.0000
3946.0000
2899.0000
2267.0000
375.0000
3839.0000
2791.0000
2235.0000
3163.0000
380.0000
372.0000
2628.0000
1751.0000
777.0000
527.0000
902.0000
3138.0000
4066.0000
2981.0000
1799.0000
1202.0000
3501.0000
3041.0000
718.0000
178.0000
3129.0000
2751.0000
1438.0000
1557.0000
2070.0000
3691.0000
426.0000
2823.0000
3719.0000
1331.0000
952.0000
306.0000
164.0000
1572.0000
2139.0000
646.0000
2483.0000
2203.0000
3694.0000
2078.0000
3539.0000
747.0000
1131.0000
1202.0000
1274.0000
3883.0000
2735.0000
1889.0000
2666.0000
3202.0000
1132.0000
1024.0000
2864.0000
1025.0000
1104.0000
2360.0000
1729.0000
3510.0000
2614.0000
1732.0000
1581.0000
4066.0000
3446.0000
3162.0000
2962.0000
1152.0000
4066.0000
2007.0000
2871.0000
719.0000
2139.0000
3129.0000
2411.0000
1266.0000
2494.0000
2605.0000
372.0000
4066.0000
1798.0000
3470.0000
631.0000
3686.0000
2864.0000
1655.0000
4066.0000
2268.0000
2558.0000
3042.0000
3164.0000
968.0000
1363.0000
3760.0000
1167.0000
2735.0000
2800.0000
1508.0000
1688.0000
1896.0000
1669.0000
2643.0000
1871.0000
558.0000
3361.0000
2823.0000
1988.0000
1616.0000
1927.0000
2363.0000
2972.0000
1833.0000
63.0000
678.0000
1251.0000
489.0000
1501.0000
653.0000
1275.0000
4066.0000
1085.0000
1961.0000
1962.0000
4066.0000
612.0000
1863.0000
3107.0000
306.0000
338.0000
2934.0000
64.0000
4003.0000
308.0000
2542.0000
3098.0000
1211.0000
1706.0000
2445.0000
2234.0000
3582.0000
4002.0000
4066.0000
3289.0000
984.0000
2233.0000
2397.0000
974.0000
2476.0000
732.0000
3508.0000
3902.0000
1549.0000
903.0000
4066.0000
3467.0000
2640.0000
4066.0000
2450.0000
2998.0000
3640.0000
4066.0000
1426.0000
3114.0000
306.0000
1195.0000
3435.0000
3454.0000
3530.0000
3082.0000
3534.0000
1524.0000
3577.0000
3518.0000
556.0000
3348.0000
536.0000
937.0000
532.0000
3909.0000
2509.0000
250.0000
2986.0000
2815.0000
1621.0000
596.0000
2935.0000
911.0000
3271.0000
1832.0000
904.0000
795.0000
3420.0000
3155.0000
2299.0000
3760.0000
3888.0000
120.0000
1590.0000
3334.0000
705.0000
370.0000
565.0000
2517.0000
1423.0000
1621.0000
3760.0000
2606.0000
1315.0000
3758.0000
1831.0000
1679.0000
3816.0000
2914.0000
3170.0000
2337.0000
1887.0000
2783.0000
3728.0000
2387.0000
3696.0000
2105.0000
548.0000
4066.0000
3694.0000
937.0000
896.0000
347.0000
306.0000
227.0000
4066.0000
2334.0000
2104.0000
3422.0000
864.0000
599.0000
2378.0000
2855.0000
2177.0000
1283.0000
1460.0000
3760.0000
2179.0000
484.0000
3807.0000
