#n = 8
745.0000
834.0000
1247.0000
927.0000
1646.0000
1402.0000
933.0000
432.0000
1177.0000
469.0000
586.0000
172.0000
1468.0000
72.0000
1055.0000
653.0000
1487.0000
501.0000
342.0000
713.0000
1060.0000
1304.0000
901.0000
1233.0000
159.0000
1646.0000
1425.0000
541.0000
1105.0000
254.0000
1154.0000
1474.0000
1646.0000
1646.0000
973.0000
719.0000
221.0000
1398.0000
1145.0000
1646.0000
1646.0000
399.0000
178.0000
812.0000
647.0000
320.0000
1132.0000
514.0000
1392.0000
1214.0000
413.0000
248.0000
591.0000
993.0000
1646.0000
492.0000
1646.0000
1574.0000
244.0000
999.0000
1326.0000
891.0000
673.0000
755.0000
