#n = 16
4205.0000
639.0000
3304.0000
3971.0000
754.0000
306.0000
248.0000
1216.0000
3548.0000
4106.0000
2770.0000
756.0000
983.0000
4205.0000
2428.0000
1743.0000
3253.0000
657.0000
1200.0000
3665.0000
547.0000
1094.0000
901.0000
338.0000
3224.0000
2249.0000
540.0000
661.0000
4205.0000
910.0000
1775.0000
3879.0000
1550.0000
2462.0000
2852.0000
3295.0000
3451.0000
2108.0000
3096.0000
676.0000
1771.0000
2888.0000
2095.0000
3566.0000
3445.0000
1655.0000
1573.0000
234.0000
3128.0000
2350.0000
4106.0000
2784.0000
1109.0000
3970.0000
1755.0000
1196.0000
3882.0000
2117.0000
3032.0000
1001.0000
1568.0000
1855.0000
3331.0000
2421.0000
99.0000
323.0000
2092.0000
372.0000
2655.0000
2989.0000
3814.0000
2913.0000
1989.0000
3047.0000
4205.0000
1420.0000
1609.0000
1857.0000
1077.0000
3544.0000
1676.0000
1421.0000
2046.0000
2788.0000
981.0000
3529.0000
2596.0000
99.0000
3768.0000
436.0000
4205.0000
561.0000
3449.0000
3658.0000
3722.0000
483.0000
2014.0000
119.0000
2866.0000
1876.0000
3073.0000
4205.0000
2754.0000
3423.0000
2434.0000
675.0000
4205.0000
1158.0000
2329.0000
2617.0000
340.0000
1672.0000
1339.0000
3867.0000
1218.0000
2294.0000
2767.0000
666.0000
326.0000
1132.0000
3005.0000
2529.0000
1656.0000
760.0000
2970.0000
3332.0000
1540.0000
3984.0000
4205.0000
577.0000
3293.0000
3833.0000
1315.0000
4086.0000
2497.0000
2756.0000
441.0000
317.0000
3539.0000
3888.0000
1956.0000
2216.0000
873.0000
1451.0000
2549.0000
1777.0000
1588.0000
1216.0000
2656.0000
3579.0000
2871.0000
678.0000
2550.0000
874.0000
952.0000
1549.0000
1789.0000
416.0000
1235.0000
695.0000
1317.0000
3009.0000
3530.0000
1435.0000
1998.0000
2632.0000
1438.0000
2533.0000
3111.0000
1836.0000
3899.0000
3331.0000
1173.0000
1978.0000
4205.0000
3510.0000
2741.0000
2637.0000
924.0000
3957.0000
3863.0000
3194.0000
2416.0000
2450.0000
3123.0000
437.0000
825.0000
626.0000
333.0000
3789.0000
2987.0000
221.0000
1417.0000
2785.0000
4205.0000
3764.0000
2097.0000
2890.0000
3222.0000
3865.0000
2110.0000
1708.0000
342.0000
1874.0000
3970.0000
3204.0000
1911.0000
2090.0000
2348.0000
3380.0000
912.0000
4205.0000
1353.0000
1449.0000
2113.0000
874.0000
4205.0000
1082.0000
1033.0000
1784.0000
3872.0000
3644.0000
3527.0000
1011.0000
1292.0000
4205.0000
2430.0000
4205.0000
2207.0000
1672.0000
2088.0000
3670.0000
2115.0000
782.0000
2369.0000
3628.0000
3281.0000
1464.0000
2989.0000
2665.0000
391.0000
2533.0000
3769.0000
1334.0000
235.0000
3172.0000
639.0000
2159.0000
535.0000
2331.0000
235.0000
4205.0000
4205.0000
3566.0000
2227.0000
2191.0000
