#n = 19
4410.0000
2709.0000
2113.0000
3442.0000
855.0000
3701.0000
2483.0000
3669.0000
1182.0000
1555.0000
3041.0000
3710.0000
2086.0000
2937.0000
4535.0000
1533.0000
4862.0000
4436.0000
5528.0000
3478.0000
1101.0000
2229.0000
1324.0000
4596.0000
3741.0000
560.0000
2825.0000
2345.0000
678.0000
1227.0000
4467.0000
2151.0000
1923.0000
1385.0000
326.0000
1818.0000
2583.0000
2082.0000
4467.0000
5420.0000
5204.0000
1719.0000
3051.0000
2410.0000
3309.0000
3224.0000
1301.0000
232.0000
367.0000
1533.0000
4302.0000
3272.0000
5528.0000
3950.0000
1061.0000
1050.0000
2960.0000
324.0000
3615.0000
792.0000
2477.0000
757.0000
5528.0000
3369.0000
335.0000
1905.0000
3979.0000
431.0000
4533.0000
4346.0000
2591.0000
5528.0000
5528.0000
4858.0000
1518.0000
4227.0000
254.0000
3307.0000
766.0000
336.0000
1710.0000
3808.0000
2380.0000
1588.0000
5193.0000
3869.0000
2056.0000
5042.0000
3070.0000
989.0000
4544.0000
3509.0000
4297.0000
2963.0000
2314.0000
5222.0000
4539.0000
299.0000
1721.0000
4496.0000
5274.0000
2982.0000
1751.0000
2649.0000
2565.0000
1787.0000
4802.0000
2639.0000
4771.0000
3928.0000
324.0000
1243.0000
4608.0000
726.0000
3641.0000
2019.0000
372.0000
2703.0000
4802.0000
858.0000
3995.0000
2256.0000
1227.0000
1842.0000
3415.0000
3973.0000
5528.0000
4870.0000
3137.0000
2043.0000
5528.0000
3605.0000
5528.0000
2453.0000
5461.0000
2259.0000
696.0000
67.0000
2546.0000
3377.0000
4478.0000
1599.0000
2153.0000
4427.0000
1659.0000
2086.0000
5193.0000
1913.0000
1921.0000
2544.0000
4762.0000
2984.0000
2045.0000
3807.0000
5156.0000
1490.0000
5269.0000
3607.0000
4264.0000
1301.0000
4204.0000
4673.0000
1319.0000
1691.0000
3561.0000
3818.0000
4716.0000
4924.0000
5528.0000
4481.0000
1384.0000
2219.0000
5528.0000
2819.0000
1923.0000
1720.0000
2290.0000
1118.0000
4832.0000
254.0000
1025.0000
1578.0000
1598.0000
2458.0000
4968.0000
932.0000
4132.0000
3317.0000
5137.0000
1427.0000
486.0000
5229.0000
5528.0000
372.0000
553.0000
3930.0000
4010.0000
5528.0000
3375.0000
4787.0000
1854.0000
3446.0000
1967.0000
5528.0000
259.0000
335.0000
5156.0000
1396.0000
666.0000
2903.0000
2385.0000
2776.0000
3995.0000
3143.0000
3977.0000
1264.0000
1164.0000
3214.0000
4144.0000
4869.0000
859.0000
4850.0000
1551.0000
323.0000
4669.0000
660.0000
4038.0000
3269.0000
4364.0000
4975.0000
928.0000
2417.0000
1887.0000
4285.0000
335.0000
920.0000
3605.0000
1386.0000
5528.0000
558.0000
1787.0000
3075.0000
4209.0000
3623.0000
5192.0000
3111.0000
4736.0000
726.0000
5528.0000
1061.0000
670.0000
4036.0000
5204.0000
369.0000
2211.0000
2159.0000
4970.0000
4168.0000
660.0000
3238.0000
658.0000
2717.0000
4301.0000
3809.0000
690.0000
1549.0000
2811.0000
3674.0000
5528.0000
1600.0000
2715.0000
4868.0000
1092.0000
1492.0000
1231.0000
659.0000
4227.0000
2879.0000
5296.0000
5205.0000
2391.0000
3644.0000
2487.0000
4838.0000
3485.0000
2177.0000
2304.0000
4670.0000
2610.0000
2813.0000
5202.0000
995.0000
1360.0000
3183.0000
2918.0000
3472.0000
5094.0000
1884.0000
3686.0000
5274.0000
1859.0000
3351.0000
434.0000
5528.0000
5296.0000
5528.0000
306.0000
3929.0000
993.0000
1047.0000
4143.0000
812.0000
984.0000
2945.0000
3940.0000
391.0000
3118.0000
2379.0000
4503.0000
995.0000
486.0000
4101.0000
232.0000
1226.0000
4142.0000
3148.0000
5159.0000
2782.0000
1356.0000
604.0000
3777.0000
741.0000
5097.0000
3442.0000
2746.0000
2889.0000
5528.0000
623.0000
4533.0000
2221.0000
5042.0000
3741.0000
2752.0000
1032.0000
3837.0000
3045.0000
3299.0000
3483.0000
2625.0000
3149.0000
4905.0000
108.0000
2050.0000
1827.0000
4301.0000
4868.0000
5193.0000
4600.0000
5161.0000
4172.0000
2568.0000
