#n = 12
1103.0000
1150.0000
2286.0000
1666.0000
1618.0000
2878.0000
939.0000
2210.0000
2536.0000
234.0000
1173.0000
2192.0000
2426.0000
1822.0000
2644.0000
1903.0000
1028.0000
1246.0000
1579.0000
2258.0000
1347.0000
1337.0000
978.0000
684.0000
1695.0000
2052.0000
1384.0000
1415.0000
2752.0000
576.0000
604.0000
1850.0000
1531.0000
1867.0000
420.0000
2878.0000
435.0000
1710.0000
326.0000
2518.0000
1574.0000
2552.0000
1939.0000
2302.0000
1880.0000
2878.0000
2706.0000
1588.0000
826.0000
2194.0000
811.0000
1212.0000
613.0000
1168.0000
126.0000
1775.0000
918.0000
358.0000
248.0000
1541.0000
164.0000
2878.0000
902.0000
727.0000
1705.0000
2878.0000
2878.0000
1463.0000
730.0000
2443.0000
777.0000
2101.0000
326.0000
560.0000
1854.0000
1340.0000
2520.0000
2644.0000
852.0000
92.0000
1976.0000
2315.0000
2487.0000
847.0000
975.0000
360.0000
1290.0000
1632.0000
1260.0000
1011.0000
668.0000
1299.0000
372.0000
1538.0000
172.0000
391.0000
2031.0000
342.0000
452.0000
555.0000
2630.0000
232.0000
620.0000
2265.0000
1476.0000
2506.0000
2323.0000
2878.0000
2148.0000
1183.0000
563.0000
1728.0000
2086.0000
2318.0000
271.0000
1304.0000
2878.0000
1024.0000
2714.0000
2067.0000
234.0000
2026.0000
2878.0000
2151.0000
964.0000
1900.0000
1914.0000
1960.0000
592.0000
2458.0000
792.0000
2786.0000
2274.0000
1402.0000
1056.0000
2878.0000
2646.0000
686.0000
998.0000
2552.0000
2878.0000
1494.0000
2607.0000
2878.0000
