#n = 10
1331.0000
2008.0000
1028.0000
1448.0000
204.0000
1009.0000
1292.0000
716.0000
1637.0000
468.0000
2008.0000
541.0000
1540.0000
303.0000
2008.0000
248.0000
342.0000
1257.0000
1872.0000
306.0000
1019.0000
677.0000
1125.0000
1882.0000
920.0000
1773.0000
99.0000
2008.0000
204.0000
371.0000
986.0000
439.0000
470.0000
863.0000
1232.0000
547.0000
2008.0000
1234.0000
674.0000
2008.0000
883.0000
1393.0000
1804.0000
751.0000
2008.0000
235.0000
989.0000
578.0000
782.0000
1696.0000
1705.0000
312.0000
1597.0000
890.0000
516.0000
774.0000
648.0000
1634.0000
2008.0000
1088.0000
1430.0000
1492.0000
312.0000
1773.0000
1226.0000
235.0000
615.0000
1538.0000
1696.0000
1900.0000
1322.0000
1244.0000
2008.0000
1360.0000
560.0000
1909.0000
1666.0000
1804.0000
136.0000
764.0000
1334.0000
686.0000
411.0000
1022.0000
1145.0000
1760.0000
2008.0000
1467.0000
1556.0000
1118.0000
1461.0000
980.0000
1569.0000
126.0000
452.0000
776.0000
374.0000
999.0000
1702.0000
108.0000
