#n = 18
372.0000
99.0000
1271.0000
2653.0000
3538.0000
3364.0000
3966.0000
700.0000
2464.0000
3966.0000
3798.0000
1073.0000
1791.0000
4214.0000
248.0000
2058.0000
4214.0000
1015.0000
3525.0000
3794.0000
248.0000
159.0000
3193.0000
932.0000
1638.0000
248.0000
405.0000
1827.0000
108.0000
3809.0000
1172.0000
1098.0000
3943.0000
1686.0000
1135.0000
3690.0000
248.0000
693.0000
1617.0000
3499.0000
2675.0000
524.0000
1788.0000
1615.0000
3171.0000
1021.0000
434.0000
2182.0000
2701.0000
492.0000
317.0000
2831.0000
3253.0000
2723.0000
1997.0000
835.0000
2928.0000
1524.0000
1933.0000
4214.0000
935.0000
4214.0000
1561.0000
4214.0000
1787.0000
2384.0000
360.0000
1950.0000
4214.0000
519.0000
496.0000
4214.0000
772.0000
1750.0000
3442.0000
1289.0000
1015.0000
1899.0000
3619.0000
1788.0000
2280.0000
1383.0000
3389.0000
1292.0000
271.0000
1369.0000
416.0000
1015.0000
3734.0000
3747.0000
3405.0000
326.0000
2491.0000
1441.0000
4115.0000
3847.0000
2622.0000
767.0000
3073.0000
1286.0000
3897.0000
1840.0000
1167.0000
2832.0000
767.0000
3141.0000
2156.0000
1415.0000
2426.0000
1431.0000
2058.0000
3447.0000
2426.0000
259.0000
972.0000
1502.0000
3021.0000
519.0000
3242.0000
3695.0000
2923.0000
3116.0000
4214.0000
3966.0000
3614.0000
2036.0000
2675.0000
1321.0000
261.0000
1513.0000
3154.0000
2554.0000
1540.0000
3447.0000
2374.0000
689.0000
2155.0000
1308.0000
2364.0000
3441.0000
4214.0000
1043.0000
3447.0000
1540.0000
1243.0000
3282.0000
1300.0000
1207.0000
740.0000
4055.0000
3463.0000
2232.0000
2674.0000
1660.0000
3749.0000
2943.0000
1010.0000
3199.0000
2680.0000
4106.0000
1534.0000
1865.0000
825.0000
4214.0000
3290.0000
2217.0000
856.0000
1539.0000
2139.0000
2914.0000
2427.0000
3854.0000
600.0000
2658.0000
1180.0000
2845.0000
3979.0000
3034.0000
715.0000
2576.0000
924.0000
3007.0000
3474.0000
3521.0000
480.0000
1659.0000
1291.0000
467.0000
2264.0000
2555.0000
2225.0000
2307.0000
232.0000
3204.0000
3695.0000
3673.0000
664.0000
3550.0000
2075.0000
1691.0000
2712.0000
4214.0000
850.0000
157.0000
595.0000
2250.0000
541.0000
2674.0000
3279.0000
3842.0000
1672.0000
3695.0000
3047.0000
2893.0000
306.0000
2059.0000
2306.0000
2387.0000
1183.0000
3982.0000
2156.0000
3955.0000
1060.0000
3348.0000
1964.0000
3846.0000
3100.0000
1958.0000
3091.0000
1830.0000
3780.0000
2178.0000
751.0000
2839.0000
3953.0000
2971.0000
4214.0000
3199.0000
4057.0000
2690.0000
643.0000
4214.0000
1556.0000
2315.0000
2307.0000
3042.0000
2906.0000
608.0000
1057.0000
1127.0000
3079.0000
1989.0000
1382.0000
3488.0000
2597.0000
3199.0000
1907.0000
726.0000
2799.0000
1141.0000
2773.0000
4214.0000
1114.0000
1982.0000
3358.0000
2684.0000
809.0000
367.0000
1123.0000
3157.0000
1491.0000
235.0000
1850.0000
368.0000
4214.0000
3031.0000
2256.0000
347.0000
465.0000
2599.0000
3867.0000
2281.0000
3888.0000
3722.0000
2783.0000
767.0000
3718.0000
2682.0000
3571.0000
4214.0000
4214.0000
1908.0000
120.0000
1375.0000
866.0000
2423.0000
1934.0000
2528.0000
1592.0000
2349.0000
1539.0000
1193.0000
1907.0000
420.0000
1530.0000
1723.0000
2542.0000
3606.0000
519.0000
3966.0000
3908.0000
2523.0000
4094.0000
3379.0000
2922.0000
773.0000
1532.0000
2925.0000
676.0000
3514.0000
2032.0000
961.0000
3087.0000
4214.0000
