#n = 13
2057.0000
2416.0000
1245.0000
1150.0000
1820.0000
2752.0000
601.0000
1309.0000
336.0000
1443.0000
119.0000
218.0000
976.0000
737.0000
1379.0000
988.0000
1348.0000
2384.0000
812.0000
758.0000
1602.0000
2616.0000
1150.0000
2752.0000
2633.0000
2361.0000
1645.0000
932.0000
1237.0000
2752.0000
2181.0000
877.0000
1503.0000
1467.0000
2752.0000
136.0000
1266.0000
1739.0000
1626.0000
833.0000
1602.0000
2752.0000
2082.0000
1708.0000
1605.0000
670.0000
306.0000
2116.0000
971.0000
2377.0000
814.0000
442.0000
2435.0000
1908.0000
479.0000
2241.0000
2616.0000
2752.0000
1640.0000
2534.0000
2476.0000
261.0000
375.0000
2276.0000
1373.0000
1507.0000
412.0000
335.0000
368.0000
1776.0000
1180.0000
2151.0000
2520.0000
1107.0000
1031.0000
1344.0000
992.0000
2457.0000
674.0000
894.0000
2081.0000
601.0000
2099.0000
1940.0000
1147.0000
159.0000
2340.0000
844.0000
1249.0000
1624.0000
1875.0000
2595.0000
157.0000
2392.0000
1112.0000
1760.0000
293.0000
671.0000
2593.0000
2653.0000
2151.0000
1821.0000
2752.0000
2078.0000
1721.0000
2225.0000
1938.0000
636.0000
465.0000
695.0000
708.0000
1994.0000
772.0000
2446.0000
1764.0000
476.0000
1515.0000
1013.0000
1128.0000
527.0000
2287.0000
571.0000
1044.0000
2310.0000
969.0000
1408.0000
1307.0000
295.0000
2593.0000
2015.0000
1486.0000
2752.0000
2459.0000
1445.0000
232.0000
1285.0000
2752.0000
1919.0000
2417.0000
511.0000
1404.0000
1783.0000
2300.0000
99.0000
2752.0000
391.0000
931.0000
2273.0000
276.0000
2752.0000
1572.0000
2044.0000
833.0000
2752.0000
1781.0000
136.0000
360.0000
1126.0000
2752.0000
2156.0000
317.0000
159.0000
2491.0000
653.0000
596.0000
1980.0000
452.0000
1858.0000
1919.0000
