#n = 9
271.0000
1588.0000
1038.0000
326.0000
980.0000
1842.0000
1438.0000
1621.0000
1448.0000
1723.0000
1994.0000
1038.0000
221.0000
1668.0000
784.0000
804.0000
458.0000
64.0000
1350.0000
1688.0000
1411.0000
1005.0000
708.0000
312.0000
1044.0000
817.0000
373.0000
1362.0000
498.0000
248.0000
1994.0000
718.0000
1930.0000
335.0000
1994.0000
1210.0000
1512.0000
482.0000
956.0000
1994.0000
1190.0000
1340.0000
583.0000
1994.0000
306.0000
1536.0000
679.0000
1994.0000
804.0000
644.0000
1746.0000
1190.0000
732.0000
1822.0000
546.0000
1760.0000
492.0000
1276.0000
152.0000
1286.0000
234.0000
556.0000
1014.0000
1315.0000
1177.0000
1773.0000
1994.0000
172.0000
1994.0000
406.0000
1994.0000
1262.0000
950.0000
632.0000
1682.0000
989.0000
1496.0000
1502.0000
654.0000
1659.0000
956.0000
