#n = 14
2893.0000
2040.0000
675.0000
392.0000
2246.0000
1178.0000
2062.0000
2178.0000
1666.0000
1885.0000
748.0000
2170.0000
2382.0000
2573.0000
2709.0000
2921.0000
3057.0000
675.0000
1766.0000
228.0000
779.0000
688.0000
2829.0000
3057.0000
2845.0000
2524.0000
3057.0000
539.0000
1778.0000
1634.0000
1159.0000
1023.0000
1585.0000
3057.0000
2785.0000
1498.0000
1749.0000
853.0000
212.0000
2601.0000
1658.0000
1391.0000
2412.0000
1210.0000
1051.0000
645.0000
884.0000
2437.0000
1423.0000
1091.0000
2154.0000
1898.0000
2205.0000
2097.0000
511.0000
164.0000
3057.0000
1399.0000
2738.0000
319.0000
512.0000
1172.0000
2545.0000
512.0000
1966.0000
1550.0000
2937.0000
1295.0000
1651.0000
369.0000
81.0000
1507.0000
3057.0000
2309.0000
1664.0000
1762.0000
887.0000
620.0000
136.0000
484.0000
1904.0000
1472.0000
767.0000
2681.0000
108.0000
1279.0000
2949.0000
2965.0000
2273.0000
2286.0000
3057.0000
1291.0000
375.0000
1983.0000
3057.0000
2518.0000
999.0000
2416.0000
761.0000
2650.0000
1187.0000
1798.0000
3057.0000
771.0000
92.0000
3057.0000
1870.0000
272.0000
2296.0000
1879.0000
1308.0000
164.0000
2546.0000
2170.0000
3057.0000
2204.0000
1074.0000
238.0000
1131.0000
1926.0000
372.0000
2665.0000
1259.0000
2685.0000
456.0000
300.0000
2921.0000
2893.0000
811.0000
1155.0000
392.0000
1080.0000
2006.0000
1771.0000
995.0000
2437.0000
2290.0000
2665.0000
3057.0000
2731.0000
2757.0000
120.0000
3057.0000
2068.0000
320.0000
1847.0000
2450.0000
1017.0000
407.0000
698.0000
136.0000
903.0000
960.0000
1153.0000
2058.0000
1286.0000
641.0000
1406.0000
326.0000
2382.0000
1227.0000
3057.0000
2369.0000
1902.0000
2359.0000
2034.0000
2043.0000
620.0000
607.0000
2682.0000
1559.0000
887.0000
2545.0000
376.0000
533.0000
2737.0000
2173.0000
1977.0000
1529.0000
852.0000
2829.0000
879.0000
1014.0000
1671.0000
1393.0000
989.0000
2688.0000
2976.0000
1528.0000
348.0000
2278.0000
1386.0000
784.0000
228.0000
2819.0000
1830.0000
