#n = 11
1709.0000
1237.0000
446.0000
1217.0000
697.0000
202.0000
398.0000
1855.0000
1963.0000
1145.0000
1266.0000
1127.0000
1963.0000
1112.0000
789.0000
819.0000
1517.0000
612.0000
1243.0000
1127.0000
589.0000
1963.0000
582.0000
1779.0000
1053.0000
1144.0000
207.0000
681.0000
1381.0000
1216.0000
1657.0000
1625.0000
497.0000
1689.0000
747.0000
1558.0000
1963.0000
1761.0000
92.0000
1035.0000
92.0000
1871.0000
654.0000
72.0000
818.0000
1756.0000
346.0000
1655.0000
1617.0000
1687.0000
338.0000
540.0000
910.0000
1963.0000
306.0000
836.0000
1583.0000
935.0000
1381.0000
99.0000
1871.0000
726.0000
1309.0000
1028.0000
1282.0000
928.0000
1020.0000
1963.0000
274.0000
920.0000
1423.0000
1891.0000
438.0000
1565.0000
380.0000
1466.0000
1963.0000
1433.0000
1358.0000
1871.0000
1864.0000
1963.0000
490.0000
562.0000
276.0000
513.0000
184.0000
1473.0000
634.0000
1963.0000
1315.0000
1351.0000
838.0000
1329.0000
1401.0000
836.0000
184.0000
605.0000
1125.0000
545.0000
1418.0000
1043.0000
92.0000
851.0000
1963.0000
108.0000
1525.0000
254.0000
1450.0000
582.0000
1374.0000
308.0000
746.0000
648.0000
720.0000
1779.0000
943.0000
405.0000
530.0000
1174.0000
1963.0000
