#n = 14
1886.0000
164.0000
1761.0000
508.0000
2212.0000
541.0000
2465.0000
1087.0000
2228.0000
378.0000
587.0000
2081.0000
874.0000
1554.0000
2572.0000
1453.0000
2048.0000
1690.0000
423.0000
1507.0000
637.0000
633.0000
2736.0000
2441.0000
1867.0000
362.0000
1918.0000
2736.0000
1552.0000
2523.0000
2376.0000
295.0000
1753.0000
2149.0000
183.0000
869.0000
1087.0000
999.0000
1608.0000
2736.0000
2099.0000
1490.0000
2523.0000
2736.0000
2441.0000
1174.0000
1184.0000
1281.0000
541.0000
271.0000
2103.0000
1229.0000
983.0000
999.0000
1505.0000
2736.0000
2624.0000
2157.0000
819.0000
2425.0000
2736.0000
545.0000
310.0000
1761.0000
524.0000
2572.0000
1505.0000
975.0000
2214.0000
2131.0000
1690.0000
2149.0000
2736.0000
1867.0000
637.0000
1453.0000
545.0000
721.0000
101.0000
2736.0000
112.0000
2228.0000
101.0000
2522.0000
164.0000
1608.0000
2127.0000
1182.0000
508.0000
2340.0000
1817.0000
1791.0000
609.0000
983.0000
1184.0000
1234.0000
1196.0000
637.0000
1704.0000
816.0000
213.0000
2736.0000
396.0000
833.0000
2228.0000
1833.0000
1608.0000
1641.0000
508.0000
1867.0000
1868.0000
2031.0000
1378.0000
1100.0000
609.0000
2228.0000
2736.0000
164.0000
999.0000
467.0000
2441.0000
378.0000
209.0000
2736.0000
2116.0000
271.0000
2736.0000
1507.0000
1032.0000
1524.0000
1067.0000
738.0000
2149.0000
2736.0000
2426.0000
2572.0000
1229.0000
1234.0000
1737.0000
214.0000
609.0000
945.0000
2031.0000
2313.0000
655.0000
1969.0000
2736.0000
850.0000
2157.0000
1868.0000
1016.0000
1502.0000
112.0000
2378.0000
164.0000
1398.0000
868.0000
1868.0000
818.0000
2127.0000
2358.0000
2131.0000
2736.0000
1067.0000
2477.0000
1100.0000
2214.0000
633.0000
869.0000
1753.0000
2376.0000
2195.0000
2127.0000
2527.0000
2589.0000
271.0000
579.0000
1753.0000
609.0000
164.0000
1378.0000
396.0000
1862.0000
1338.0000
213.0000
1753.0000
1753.0000
1737.0000
2212.0000
2736.0000
2228.0000
366.0000
396.0000
101.0000
1737.0000
2553.0000
