#n = 19
4074.0000
956.0000
2238.0000
3974.0000
262.0000
4591.0000
4294.0000
1427.0000
399.0000
596.0000
4688.0000
1319.0000
3261.0000
1301.0000
3654.0000
1507.0000
3261.0000
1113.0000
2037.0000
97.0000
329.0000
2747.0000
922.0000
3572.0000
4325.0000
4426.0000
1445.0000
4131.0000
4248.0000
3373.0000
3478.0000
4211.0000
2229.0000
3437.0000
3470.0000
3181.0000
3654.0000
1301.0000
4206.0000
2581.0000
661.0000
922.0000
394.0000
4262.0000
4688.0000
4688.0000
1446.0000
2547.0000
4248.0000
2417.0000
1806.0000
3071.0000
722.0000
1210.0000
3514.0000
3044.0000
1501.0000
3456.0000
3484.0000
3496.0000
3812.0000
1107.0000
3943.0000
2107.0000
3534.0000
2459.0000
1928.0000
3904.0000
2747.0000
363.0000
385.0000
3022.0000
2581.0000
3732.0000
2229.0000
473.0000
811.0000
1547.0000
2299.0000
2074.0000
4688.0000
4215.0000
4206.0000
1095.0000
1644.0000
4345.0000
3852.0000
3243.0000
2238.0000
661.0000
3974.0000
3896.0000
1034.0000
752.0000
4359.0000
2523.0000
723.0000
2600.0000
741.0000
2882.0000
3054.0000
3581.0000
2547.0000
2600.0000
1204.0000
787.0000
1269.0000
4092.0000
933.0000
4591.0000
2431.0000
4169.0000
297.0000
784.0000
3243.0000
2761.0000
3054.0000
4345.0000
1070.0000
3115.0000
1398.0000
95.0000
3242.0000
1598.0000
2038.0000
2733.0000
2761.0000
2417.0000
2389.0000
1714.0000
1712.0000
2038.0000
3806.0000
426.0000
2041.0000
694.0000
2168.0000
811.0000
4232.0000
1775.0000
1822.0000
3572.0000
2092.0000
4206.0000
1789.0000
2431.0000
2165.0000
4248.0000
2830.0000
4206.0000
2651.0000
3732.0000
3901.0000
3966.0000
4688.0000
3852.0000
3339.0000
1154.0000
2418.0000
792.0000
1070.0000
1725.0000
551.0000
1269.0000
382.0000
2974.0000
394.0000
3111.0000
4325.0000
393.0000
3812.0000
3766.0000
4345.0000
3159.0000
3090.0000
4688.0000
3593.0000
4211.0000
2711.0000
2963.0000
551.0000
1218.0000
2645.0000
4248.0000
3074.0000
3666.0000
3666.0000
3243.0000
2614.0000
3654.0000
1381.0000
4688.0000
4551.0000
2229.0000
2165.0000
2107.0000
1844.0000
393.0000
3966.0000
473.0000
714.0000
2389.0000
1906.0000
3210.0000
1537.0000
3111.0000
1113.0000
2993.0000
1154.0000
722.0000
1107.0000
2497.0000
3115.0000
1107.0000
1756.0000
268.0000
4092.0000
3636.0000
285.0000
4688.0000
1995.0000
4688.0000
1022.0000
1271.0000
3593.0000
4294.0000
3758.0000
80.0000
4688.0000
473.0000
4303.0000
394.0000
1381.0000
1427.0000
3947.0000
1573.0000
1034.0000
4688.0000
811.0000
3581.0000
3496.0000
1830.0000
4688.0000
2733.0000
4048.0000
4248.0000
3904.0000
1232.0000
655.0000
3812.0000
1927.0000
4345.0000
1709.0000
3074.0000
2802.0000
4688.0000
2229.0000
3936.0000
2354.0000
1332.0000
3716.0000
1445.0000
1995.0000
2520.0000
1900.0000
1501.0000
2417.0000
4248.0000
1332.0000
4500.0000
1529.0000
3572.0000
329.0000
2010.0000
4169.0000
393.0000
3470.0000
4688.0000
4688.0000
4211.0000
2547.0000
1507.0000
2932.0000
2547.0000
2088.0000
1756.0000
97.0000
2844.0000
2993.0000
2647.0000
3758.0000
80.0000
1695.0000
2963.0000
1113.0000
1537.0000
2271.0000
2191.0000
2037.0000
477.0000
2334.0000
473.0000
2647.0000
3111.0000
3151.0000
1617.0000
2747.0000
3054.0000
1858.0000
811.0000
1446.0000
3654.0000
4688.0000
2974.0000
3022.0000
4513.0000
3534.0000
2354.0000
3593.0000
1995.0000
1955.0000
1941.0000
2976.0000
4688.0000
833.0000
2074.0000
4688.0000
4359.0000
2165.0000
3054.0000
2899.0000
3111.0000
1366.0000
4688.0000
456.0000
3593.0000
1709.0000
1107.0000
1955.0000
3478.0000
3243.0000
4248.0000
4303.0000
393.0000
3290.0000
2592.0000
2651.0000
3755.0000
1501.0000
2747.0000
3766.0000
4048.0000
1251.0000
3339.0000
933.0000
3943.0000
1210.0000
3373.0000
930.0000
4688.0000
1445.0000
