#n = 10
1071.0000
295.0000
2772.0000
2772.0000
1018.0000
1729.0000
1457.0000
382.0000
1103.0000
723.0000
1729.0000
380.0000
2083.0000
2772.0000
2772.0000
2024.0000
1071.0000
1780.0000
2002.0000
978.0000
689.0000
1754.0000
1669.0000
475.0000
59.0000
2002.0000
683.0000
2123.0000
2081.0000
1043.0000
1729.0000
2356.0000
2772.0000
1754.0000
2772.0000
2418.0000
2772.0000
1794.0000
2443.0000
1043.0000
1794.0000
1091.0000
1681.0000
691.0000
2772.0000
1408.0000
380.0000
2713.0000
2024.0000
1020.0000
2170.0000
1099.0000
2024.0000
762.0000
1695.0000
992.0000
1020.0000
1071.0000
1400.0000
1790.0000
1400.0000
649.0000
1669.0000
2297.0000
1020.0000
2063.0000
2083.0000
2170.0000
770.0000
2443.0000
1673.0000
723.0000
2010.0000
638.0000
380.0000
1839.0000
2134.0000
1287.0000
2443.0000
2418.0000
2713.0000
380.0000
121.0000
1043.0000
2499.0000
602.0000
2443.0000
1372.0000
2443.0000
1794.0000
2477.0000
1754.0000
2356.0000
2772.0000
2123.0000
2772.0000
978.0000
1103.0000
1372.0000
354.0000
