#n = 9
1769.0000
2053.0000
1665.0000
1067.0000
2053.0000
59.0000
365.0000
1300.0000
1999.0000
675.0000
1630.0000
1509.0000
450.0000
936.0000
544.0000
544.0000
756.0000
1999.0000
1405.0000
815.0000
1994.0000
2053.0000
1544.0000
936.0000
2053.0000
423.0000
2053.0000
424.0000
1544.0000
1914.0000
2053.0000
450.0000
113.0000
986.0000
2053.0000
1117.0000
121.0000
509.0000
1040.0000
648.0000
648.0000
1509.0000
1769.0000
1793.0000
1378.0000
936.0000
1611.0000
563.0000
1405.0000
1688.0000
2053.0000
756.0000
676.0000
1324.0000
1013.0000
2053.0000
1742.0000
1932.0000
1238.0000
1742.0000
364.0000
2053.0000
1661.0000
1238.0000
1932.0000
1914.0000
392.0000
1509.0000
544.0000
932.0000
544.0000
1040.0000
1405.0000
113.0000
756.0000
1629.0000
364.0000
365.0000
423.0000
442.0000
815.0000
