#n = 15
714.0000
1695.0000
2057.0000
2966.0000
2299.0000
98.0000
2752.0000
3388.0000
616.0000
2837.0000
794.0000
2512.0000
2452.0000
1901.0000
872.0000
2680.0000
1298.0000
1693.0000
794.0000
2569.0000
395.0000
2489.0000
3388.0000
2594.0000
819.0000
747.0000
3220.0000
1695.0000
1882.0000
1979.0000
1882.0000
221.0000
2415.0000
1882.0000
3245.0000
1836.0000
3245.0000
2166.0000
2246.0000
2203.0000
1079.0000
2203.0000
634.0000
3245.0000
2076.0000
3388.0000
741.0000
1130.0000
1933.0000
1771.0000
1480.0000
2704.0000
1623.0000
2837.0000
747.0000
987.0000
1695.0000
634.0000
2309.0000
1506.0000
551.0000
2752.0000
2188.0000
2772.0000
1057.0000
1550.0000
1157.0000
3245.0000
1550.0000
2915.0000
2737.0000
453.0000
1695.0000
1901.0000
2258.0000
2993.0000
1480.0000
2498.0000
1089.0000
346.0000
1960.0000
2674.0000
792.0000
3230.0000
565.0000
1428.0000
2752.0000
1836.0000
2850.0000
295.0000
634.0000
2850.0000
3049.0000
3167.0000
2680.0000
1695.0000
899.0000
1695.0000
1550.0000
2233.0000
1765.0000
2246.0000
3050.0000
3388.0000
2452.0000
551.0000
453.0000
168.0000
2331.0000
2772.0000
3388.0000
2231.0000
2512.0000
1487.0000
803.0000
2045.0000
538.0000
616.0000
1693.0000
1331.0000
3388.0000
2346.0000
2247.0000
3388.0000
2233.0000
3388.0000
1480.0000
3388.0000
422.0000
3388.0000
1343.0000
616.0000
3042.0000
3245.0000
170.0000
2088.0000
1613.0000
1409.0000
616.0000
1613.0000
2188.0000
1933.0000
1914.0000
1200.0000
1079.0000
3388.0000
422.0000
708.0000
1617.0000
2090.0000
2203.0000
538.0000
1042.0000
1298.0000
2641.0000
2188.0000
1079.0000
1455.0000
2647.0000
899.0000
2442.0000
2596.0000
1298.0000
1141.0000
1775.0000
733.0000
2346.0000
2850.0000
3132.0000
2188.0000
1109.0000
1109.0000
1933.0000
1979.0000
2752.0000
1550.0000
2121.0000
1838.0000
1617.0000
2594.0000
2090.0000
2233.0000
1552.0000
1312.0000
2103.0000
2874.0000
3132.0000
3050.0000
2377.0000
2489.0000
3049.0000
2993.0000
3167.0000
3388.0000
538.0000
1474.0000
747.0000
2231.0000
2076.0000
2231.0000
604.0000
714.0000
2103.0000
2569.0000
747.0000
2377.0000
1437.0000
2401.0000
1474.0000
604.0000
2993.0000
2401.0000
1595.0000
2442.0000
1826.0000
565.0000
1222.0000
395.0000
1947.0000
395.0000
1775.0000
792.0000
551.0000
708.0000
2737.0000
