#n = 20
2983.0000
4359.0000
3228.0000
1366.0000
2513.0000
3995.0000
1195.0000
4061.0000
1213.0000
1433.0000
2333.0000
3905.0000
2753.0000
3625.0000
3649.0000
3812.0000
2492.0000
3528.0000
983.0000
4226.0000
4226.0000
515.0000
2320.0000
1351.0000
4315.0000
2944.0000
2670.0000
3841.0000
2882.0000
4424.0000
420.0000
2492.0000
4280.0000
748.0000
1116.0000
3717.0000
1010.0000
4741.0000
4604.0000
1463.0000
3811.0000
2045.0000
2233.0000
831.0000
1037.0000
1294.0000
1015.0000
3278.0000
4280.0000
3445.0000
3546.0000
1195.0000
2710.0000
3062.0000
245.0000
4555.0000
3629.0000
2670.0000
4741.0000
1444.0000
4349.0000
385.0000
4395.0000
3065.0000
1663.0000
3721.0000
930.0000
4741.0000
3528.0000
2807.0000
2148.0000
4496.0000
1416.0000
4496.0000
3966.0000
847.0000
1047.0000
1015.0000
3865.0000
3596.0000
1508.0000
1508.0000
3909.0000
1204.0000
2593.0000
465.0000
4371.0000
3905.0000
4359.0000
3264.0000
1240.0000
3654.0000
628.0000
2162.0000
3528.0000
4468.0000
4741.0000
4691.0000
3629.0000
4592.0000
1508.0000
4031.0000
4371.0000
1893.0000
1112.0000
2979.0000
3202.0000
2136.0000
2492.0000
1351.0000
3214.0000
1416.0000
1863.0000
2670.0000
4276.0000
3731.0000
3704.0000
3704.0000
2250.0000
3649.0000
3865.0000
2042.0000
3905.0000
4061.0000
2219.0000
1078.0000
1036.0000
4592.0000
4207.0000
2194.0000
1256.0000
4315.0000
392.0000
2250.0000
4359.0000
3581.0000
4089.0000
3791.0000
3841.0000
4238.0000
4741.0000
3264.0000
900.0000
2629.0000
2071.0000
887.0000
1015.0000
3898.0000
2228.0000
3297.0000
435.0000
3854.0000
4468.0000
2126.0000
3432.0000
3283.0000
95.0000
3725.0000
2545.0000
2545.0000
4345.0000
774.0000
1508.0000
4741.0000
4280.0000
1296.0000
3726.0000
743.0000
2333.0000
770.0000
3528.0000
2333.0000
1092.0000
4640.0000
2304.0000
2696.0000
4592.0000
461.0000
1988.0000
530.0000
2971.0000
4007.0000
188.0000
1204.0000
4468.0000
1717.0000
831.0000
2586.0000
3021.0000
2194.0000
1047.0000
370.0000
4406.0000
1444.0000
3841.0000
4359.0000
3233.0000
149.0000
1661.0000
4345.0000
836.0000
2878.0000
781.0000
3021.0000
180.0000
2547.0000
2250.0000
3266.0000
4468.0000
4275.0000
1366.0000
3546.0000
3629.0000
2496.0000
262.0000
3966.0000
3910.0000
382.0000
3325.0000
382.0000
2629.0000
3704.0000
3447.0000
4691.0000
503.0000
2753.0000
1812.0000
4406.0000
1924.0000
4061.0000
435.0000
2955.0000
4315.0000
4089.0000
382.0000
1679.0000
3649.0000
1676.0000
3694.0000
1297.0000
3981.0000
465.0000
4113.0000
3214.0000
1309.0000
1116.0000
4446.0000
1160.0000
382.0000
4446.0000
3993.0000
2642.0000
2979.0000
4375.0000
3214.0000
3910.0000
3865.0000
746.0000
3021.0000
4315.0000
1463.0000
2879.0000
4183.0000
2518.0000
1213.0000
929.0000
1513.0000
3654.0000
831.0000
392.0000
3308.0000
3228.0000
4741.0000
4183.0000
1235.0000
2162.0000
4741.0000
4741.0000
1513.0000
2642.0000
2320.0000
1859.0000
3390.0000
4687.0000
1812.0000
1539.0000
4211.0000
4089.0000
3444.0000
3726.0000
4113.0000
2605.0000
2194.0000
3351.0000
3367.0000
655.0000
3081.0000
295.0000
273.0000
770.0000
97.0000
1142.0000
461.0000
2057.0000
2562.0000
4280.0000
1663.0000
3599.0000
4359.0000
563.0000
836.0000
746.0000
4644.0000
4741.0000
1416.0000
950.0000
2250.0000
1477.0000
774.0000
2042.0000
2304.0000
3351.0000
1015.0000
2710.0000
2767.0000
3841.0000
1863.0000
3297.0000
2848.0000
1416.0000
2848.0000
1015.0000
317.0000
273.0000
4007.0000
4741.0000
4315.0000
1605.0000
1037.0000
3528.0000
3339.0000
4315.0000
829.0000
563.0000
3432.0000
2753.0000
3233.0000
3546.0000
1605.0000
2642.0000
3909.0000
1770.0000
1078.0000
2304.0000
2944.0000
1010.0000
2494.0000
2194.0000
2245.0000
652.0000
2194.0000
1675.0000
4395.0000
1463.0000
4061.0000
366.0000
4741.0000
382.0000
2522.0000
3909.0000
2879.0000
1974.0000
2494.0000
3654.0000
1720.0000
2605.0000
1508.0000
1622.0000
2179.0000
3244.0000
54.0000
2955.0000
680.0000
2545.0000
743.0000
646.0000
426.0000
273.0000
4604.0000
3447.0000
558.0000
420.0000
2699.0000
3967.0000
2699.0000
1213.0000
4211.0000
3297.0000
836.0000
317.0000
