#n = 12
2468.0000
1217.0000
50.0000
50.0000
1296.0000
1488.0000
1488.0000
206.0000
1227.0000
622.0000
702.0000
3028.0000
3028.0000
2518.0000
273.0000
2845.0000
1025.0000
2516.0000
2325.0000
2326.0000
2055.0000
311.0000
596.0000
2005.0000
3028.0000
1108.0000
2124.0000
2005.0000
3028.0000
1500.0000
2705.0000
1491.0000
2468.0000
828.0000
2012.0000
1538.0000
477.0000
3028.0000
2326.0000
1685.0000
702.0000
828.0000
1549.0000
1099.0000
2755.0000
3028.0000
2243.0000
510.0000
703.0000
785.0000
560.0000
1099.0000
2055.0000
1296.0000
3028.0000
2249.0000
1549.0000
1929.0000
3028.0000
596.0000
2432.0000
273.0000
3028.0000
3028.0000
1537.0000
1685.0000
50.0000
1014.0000
2522.0000
512.0000
3028.0000
2005.0000
2516.0000
323.0000
506.0000
2014.0000
329.0000
1851.0000
1920.0000
1732.0000
1537.0000
1526.0000
271.0000
703.0000
835.0000
833.0000
2845.0000
1849.0000
1177.0000
2243.0000
512.0000
1479.0000
1502.0000
1479.0000
3028.0000
2717.0000
1540.0000
703.0000
622.0000
2124.0000
3028.0000
1179.0000
669.0000
2243.0000
273.0000
206.0000
2193.0000
1217.0000
456.0000
3028.0000
2406.0000
1343.0000
311.0000
3028.0000
2705.0000
560.0000
2359.0000
1291.0000
1208.0000
973.0000
2791.0000
1023.0000
1920.0000
311.0000
2717.0000
1208.0000
1811.0000
1345.0000
273.0000
1099.0000
2636.0000
1016.0000
3028.0000
2572.0000
1540.0000
1811.0000
1227.0000
463.0000
2243.0000
183.0000
1732.0000
206.0000
429.0000
3028.0000
