#n = 16
3578.0000
3221.0000
392.0000
3841.0000
3841.0000
3841.0000
999.0000
2758.0000
95.0000
2719.0000
908.0000
1647.0000
1361.0000
2575.0000
2818.0000
263.0000
3841.0000
620.0000
1886.0000
3120.0000
453.0000
3841.0000
1742.0000
1692.0000
2099.0000
2814.0000
992.0000
844.0000
1473.0000
1165.0000
1266.0000
2575.0000
2596.0000
3557.0000
2556.0000
2933.0000
2719.0000
2106.0000
362.0000
2009.0000
3677.0000
2650.0000
3841.0000
1647.0000
238.0000
3439.0000
3359.0000
1692.0000
284.0000
262.0000
3603.0000
3195.0000
3241.0000
3384.0000
402.0000
1440.0000
2556.0000
1647.0000
2913.0000
3414.0000
3677.0000
3146.0000
1735.0000
2596.0000
3300.0000
2650.0000
1290.0000
3103.0000
833.0000
2575.0000
859.0000
992.0000
565.0000
2244.0000
2194.0000
2685.0000
624.0000
1692.0000
3841.0000
1735.0000
764.0000
183.0000
2556.0000
3557.0000
695.0000
904.0000
1285.0000
2859.0000
3103.0000
3841.0000
3841.0000
1485.0000
3841.0000
262.0000
2947.0000
3841.0000
3746.0000
244.0000
2039.0000
2356.0000
3008.0000
2849.0000
207.0000
3579.0000
3658.0000
1156.0000
112.0000
3841.0000
2356.0000
2758.0000
2902.0000
3634.0000
3483.0000
2130.0000
3841.0000
2106.0000
3544.0000
1692.0000
262.0000
2758.0000
2575.0000
3276.0000
402.0000
754.0000
183.0000
3841.0000
1285.0000
2814.0000
3221.0000
1083.0000
1266.0000
1023.0000
1290.0000
1111.0000
3414.0000
3761.0000
3578.0000
2456.0000
982.0000
2937.0000
2849.0000
3841.0000
1453.0000
621.0000
620.0000
3126.0000
565.0000
3841.0000
1385.0000
3578.0000
626.0000
441.0000
297.0000
2575.0000
244.0000
1748.0000
3384.0000
1047.0000
695.0000
263.0000
565.0000
1791.0000
2099.0000
2456.0000
827.0000
183.0000
2947.0000
3746.0000
2913.0000
3449.0000
3439.0000
754.0000
1692.0000
262.0000
2818.0000
1623.0000
3729.0000
262.0000
1083.0000
3126.0000
2650.0000
3300.0000
3841.0000
1742.0000
2392.0000
3544.0000
95.0000
1473.0000
3841.0000
626.0000
2818.0000
1165.0000
894.0000
620.0000
1565.0000
2361.0000
1266.0000
2933.0000
3384.0000
2849.0000
2730.0000
3384.0000
2099.0000
2293.0000
3841.0000
2148.0000
1528.0000
3359.0000
2646.0000
3597.0000
883.0000
1791.0000
844.0000
2794.0000
2194.0000
3077.0000
536.0000
646.0000
2456.0000
2432.0000
3841.0000
2039.0000
284.0000
3746.0000
427.0000
565.0000
3579.0000
238.0000
2069.0000
284.0000
3195.0000
1955.0000
1361.0000
620.0000
1735.0000
2313.0000
620.0000
2551.0000
536.0000
3597.0000
2933.0000
1791.0000
982.0000
1266.0000
3449.0000
1321.0000
1191.0000
3221.0000
2276.0000
2947.0000
164.0000
1791.0000
1735.0000
833.0000
2456.0000
536.0000
