#n = 10
2418.0000
354.0000
1018.0000
2002.0000
1701.0000
1485.0000
2024.0000
2463.0000
1754.0000
1485.0000
2002.0000
273.0000
649.0000
1780.0000
691.0000
1839.0000
1071.0000
1287.0000
2772.0000
354.0000
748.0000
475.0000
1839.0000
329.0000
982.0000
2713.0000
354.0000
2418.0000
2772.0000
982.0000
2772.0000
933.0000
295.0000
933.0000
2772.0000
2378.0000
2024.0000
309.0000
382.0000
2477.0000
2772.0000
1669.0000
1839.0000
723.0000
2049.0000
2772.0000
2772.0000
416.0000
1673.0000
2772.0000
2378.0000
2170.0000
2772.0000
1398.0000
2463.0000
1695.0000
2443.0000
2418.0000
1103.0000
1287.0000
2477.0000
683.0000
2418.0000
1364.0000
691.0000
2297.0000
2772.0000
273.0000
689.0000
295.0000
691.0000
1018.0000
2772.0000
1400.0000
273.0000
1071.0000
2378.0000
2081.0000
992.0000
2772.0000
2378.0000
1398.0000
2148.0000
2772.0000
2772.0000
2477.0000
1673.0000
2772.0000
649.0000
691.0000
770.0000
2443.0000
2418.0000
762.0000
1673.0000
709.0000
933.0000
1839.0000
2499.0000
1372.0000
