#n = 11
1193.0000
1047.0000
1285.0000
1977.0000
1279.0000
1977.0000
1201.0000
532.0000
1421.0000
1977.0000
1067.0000
1595.0000
355.0000
906.0000
1486.0000
1684.0000
1486.0000
126.0000
893.0000
1977.0000
748.0000
910.0000
1706.0000
1043.0000
382.0000
1279.0000
665.0000
1279.0000
1977.0000
677.0000
602.0000
993.0000
556.0000
378.0000
910.0000
1977.0000
1977.0000
428.0000
910.0000
1977.0000
1621.0000
776.0000
174.0000
648.0000
271.0000
776.0000
355.0000
934.0000
136.0000
1558.0000
635.0000
1340.0000
774.0000
1558.0000
602.0000
378.0000
1285.0000
271.0000
893.0000
1761.0000
993.0000
1340.0000
1466.0000
356.0000
1193.0000
1977.0000
1340.0000
893.0000
987.0000
1287.0000
1229.0000
1685.0000
893.0000
136.0000
1329.0000
1201.0000
1684.0000
1977.0000
356.0000
1927.0000
1279.0000
1329.0000
1977.0000
990.0000
637.0000
690.0000
1595.0000
1067.0000
271.0000
906.0000
1977.0000
1340.0000
1279.0000
1043.0000
1977.0000
1340.0000
1977.0000
851.0000
293.0000
382.0000
1761.0000
293.0000
1684.0000
637.0000
342.0000
295.0000
1329.0000
1595.0000
1043.0000
1977.0000
1819.0000
1084.0000
1279.0000
1495.0000
1977.0000
784.0000
564.0000
851.0000
934.0000
1285.0000
113.0000
