#n = 18
4099.0000
3832.0000
3552.0000
2694.0000
955.0000
2926.0000
4287.0000
4019.0000
2820.0000
2378.0000
309.0000
1687.0000
3046.0000
636.0000
2266.0000
4049.0000
902.0000
405.0000
786.0000
1529.0000
3944.0000
3480.0000
2520.0000
876.0000
3389.0000
1955.0000
3866.0000
1618.0000
262.0000
792.0000
2048.0000
2602.0000
3312.0000
2429.0000
2264.0000
735.0000
4287.0000
343.0000
2694.0000
1256.0000
2640.0000
3548.0000
577.0000
3501.0000
3164.0000
902.0000
835.0000
1529.0000
2762.0000
2788.0000
1467.0000
4287.0000
2694.0000
3332.0000
690.0000
3694.0000
343.0000
284.0000
1858.0000
1401.0000
1565.0000
4287.0000
3143.0000
1499.0000
309.0000
472.0000
1705.0000
3385.0000
3506.0000
2332.0000
3889.0000
4025.0000
2640.0000
2520.0000
2332.0000
3504.0000
1643.0000
3452.0000
2429.0000
1923.0000
1955.0000
3889.0000
1923.0000
666.0000
1858.0000
2102.0000
421.0000
188.0000
284.0000
2911.0000
4190.0000
2076.0000
1428.0000
1267.0000
1267.0000
54.0000
3710.0000
3787.0000
2332.0000
1241.0000
1719.0000
1213.0000
3597.0000
2094.0000
4287.0000
3195.0000
4287.0000
3548.0000
1643.0000
2142.0000
2911.0000
3020.0000
3598.0000
1810.0000
1359.0000
2644.0000
1759.0000
1818.0000
2875.0000
3882.0000
1670.0000
4049.0000
3694.0000
3335.0000
4049.0000
3881.0000
2429.0000
1529.0000
2644.0000
4003.0000
1764.0000
121.0000
421.0000
3023.0000
958.0000
2048.0000
807.0000
2140.0000
2998.0000
1525.0000
3031.0000
1256.0000
3995.0000
3195.0000
2477.0000
4049.0000
975.0000
666.0000
1412.0000
2932.0000
4287.0000
3795.0000
4003.0000
3389.0000
1618.0000
3925.0000
1355.0000
2714.0000
1955.0000
1531.0000
1531.0000
4150.0000
764.0000
2094.0000
1190.0000
406.0000
2316.0000
1662.0000
4003.0000
1901.0000
1213.0000
1696.0000
2378.0000
4287.0000
3097.0000
2147.0000
2928.0000
2520.0000
188.0000
97.0000
455.0000
2758.0000
1502.0000
1687.0000
3383.0000
1412.0000
2520.0000
472.0000
3907.0000
316.0000
2600.0000
343.0000
2932.0000
343.0000
316.0000
1247.0000
2625.0000
1119.0000
1376.0000
2602.0000
472.0000
2694.0000
121.0000
4287.0000
316.0000
2911.0000
781.0000
2263.0000
1767.0000
1901.0000
3621.0000
3218.0000
735.0000
4049.0000
809.0000
904.0000
3486.0000
3411.0000
3074.0000
2094.0000
3268.0000
2316.0000
593.0000
666.0000
1685.0000
739.0000
2332.0000
2076.0000
3548.0000
3795.0000
1359.0000
3944.0000
4233.0000
620.0000
3161.0000
398.0000
1923.0000
4049.0000
3520.0000
1739.0000
4025.0000
2195.0000
3268.0000
2263.0000
898.0000
1376.0000
3889.0000
3520.0000
2263.0000
309.0000
1335.0000
2932.0000
2360.0000
238.0000
284.0000
2625.0000
492.0000
1101.0000
3881.0000
1092.0000
316.0000
1247.0000
2142.0000
3143.0000
2640.0000
2998.0000
2211.0000
4287.0000
3944.0000
2145.0000
767.0000
2520.0000
3925.0000
3099.0000
3006.0000
3147.0000
2520.0000
1247.0000
2264.0000
3383.0000
764.0000
499.0000
2568.0000
781.0000
500.0000
4175.0000
3694.0000
3795.0000
3787.0000
1119.0000
405.0000
4175.0000
2648.0000
4287.0000
2239.0000
3147.0000
2648.0000
3504.0000
4003.0000
957.0000
3312.0000
1101.0000
2593.0000
4099.0000
2023.0000
1264.0000
398.0000
689.0000
781.0000
689.0000
2259.0000
1694.0000
801.0000
398.0000
957.0000
1119.0000
3031.0000
1126.0000
3710.0000
3925.0000
472.0000
4287.0000
292.0000
3667.0000
