#n = 14
1174.0000
1032.0000
545.0000
1918.0000
2635.0000
328.0000
1737.0000
2212.0000
1184.0000
271.0000
2370.0000
975.0000
1145.0000
2329.0000
2127.0000
2639.0000
999.0000
1903.0000
522.0000
1608.0000
2426.0000
655.0000
850.0000
1669.0000
2195.0000
2195.0000
1641.0000
869.0000
869.0000
271.0000
2523.0000
2523.0000
1067.0000
1649.0000
2477.0000
2736.0000
1903.0000
816.0000
2736.0000
2736.0000
2157.0000
2031.0000
508.0000
2736.0000
1234.0000
396.0000
2736.0000
1608.0000
1184.0000
1649.0000
147.0000
2149.0000
2425.0000
1341.0000
850.0000
1918.0000
1998.0000
1641.0000
1862.0000
818.0000
475.0000
475.0000
2686.0000
2465.0000
1817.0000
738.0000
2157.0000
2269.0000
508.0000
508.0000
1455.0000
508.0000
1490.0000
1507.0000
1145.0000
423.0000
605.0000
945.0000
1016.0000
2031.0000
2425.0000
2736.0000
2572.0000
2639.0000
508.0000
2214.0000
164.0000
2228.0000
362.0000
2329.0000
605.0000
2736.0000
1455.0000
2527.0000
508.0000
736.0000
1524.0000
2214.0000
1969.0000
1398.0000
2736.0000
2553.0000
1128.0000
1998.0000
1998.0000
1016.0000
874.0000
2081.0000
2465.0000
1398.0000
522.0000
508.0000
1753.0000
213.0000
295.0000
475.0000
1903.0000
2081.0000
1358.0000
1562.0000
213.0000
1184.0000
2624.0000
545.0000
213.0000
1196.0000
2000.0000
1505.0000
1641.0000
2131.0000
1641.0000
2261.0000
1591.0000
2127.0000
508.0000
2736.0000
1562.0000
97.0000
2378.0000
1636.0000
2376.0000
2050.0000
407.0000
271.0000
541.0000
2736.0000
1032.0000
2465.0000
358.0000
1862.0000
1067.0000
1212.0000
2228.0000
945.0000
362.0000
2523.0000
295.0000
310.0000
2031.0000
259.0000
903.0000
1184.0000
1636.0000
259.0000
2116.0000
2195.0000
407.0000
1805.0000
1234.0000
2522.0000
919.0000
164.0000
2736.0000
1212.0000
2477.0000
874.0000
1608.0000
1649.0000
1918.0000
2736.0000
767.0000
2522.0000
214.0000
903.0000
1591.0000
2477.0000
2477.0000
1636.0000
2048.0000
1182.0000
164.0000
1669.0000
874.0000
1182.0000
112.0000
2523.0000
