#n = 20
2421.0000
832.0000
3445.0000
3993.0000
1508.0000
1475.0000
654.0000
2547.0000
3537.0000
3202.0000
461.0000
4741.0000
2136.0000
1116.0000
847.0000
245.0000
4184.0000
4741.0000
262.0000
2045.0000
3694.0000
2042.0000
2042.0000
1797.0000
886.0000
2437.0000
4345.0000
4007.0000
480.0000
1235.0000
3731.0000
1770.0000
3409.0000
3485.0000
4280.0000
3599.0000
2874.0000
1309.0000
734.0000
1202.0000
1213.0000
188.0000
4741.0000
3081.0000
1676.0000
1508.0000
3278.0000
3445.0000
950.0000
720.0000
3447.0000
3537.0000
4395.0000
1477.0000
3581.0000
646.0000
2490.0000
3894.0000
2112.0000
1542.0000
2194.0000
3539.0000
2136.0000
3445.0000
1256.0000
4741.0000
4479.0000
1867.0000
101.0000
3485.0000
97.0000
3905.0000
4604.0000
3136.0000
1527.0000
465.0000
3694.0000
1679.0000
2544.0000
1116.0000
1235.0000
1770.0000
2042.0000
654.0000
3791.0000
3905.0000
1092.0000
4157.0000
836.0000
4561.0000
346.0000
97.0000
2670.0000
3367.0000
2494.0000
515.0000
887.0000
3214.0000
3264.0000
3995.0000
2513.0000
628.0000
950.0000
584.0000
2518.0000
2496.0000
1766.0000
2112.0000
3339.0000
836.0000
2882.0000
2615.0000
329.0000
2071.0000
558.0000
3528.0000
4184.0000
746.0000
188.0000
1762.0000
1736.0000
2767.0000
4375.0000
97.0000
2320.0000
3390.0000
4741.0000
3228.0000
2508.0000
2522.0000
2971.0000
2045.0000
781.0000
3663.0000
4741.0000
3581.0000
1145.0000
2753.0000
4496.0000
4280.0000
4377.0000
2155.0000
2179.0000
3062.0000
3297.0000
2250.0000
1542.0000
1296.0000
4207.0000
2699.0000
4359.0000
1297.0000
54.0000
1444.0000
3841.0000
1622.0000
4604.0000
4371.0000
2848.0000
1010.0000
2508.0000
1458.0000
2753.0000
2320.0000
2408.0000
329.0000
3717.0000
2421.0000
1867.0000
3266.0000
3501.0000
1770.0000
3993.0000
3351.0000
366.0000
1934.0000
2112.0000
628.0000
4741.0000
2492.0000
180.0000
680.0000
1294.0000
4280.0000
4395.0000
1160.0000
1402.0000
4592.0000
4640.0000
317.0000
950.0000
3910.0000
4741.0000
364.0000
1480.0000
836.0000
1867.0000
3855.0000
2132.0000
4640.0000
317.0000
329.0000
515.0000
4086.0000
1988.0000
149.0000
2605.0000
137.0000
4275.0000
3705.0000
1463.0000
4741.0000
2042.0000
2629.0000
420.0000
465.0000
1037.0000
3228.0000
3971.0000
1204.0000
3998.0000
2112.0000
1037.0000
1477.0000
1145.0000
3539.0000
886.0000
4646.0000
4741.0000
4604.0000
3841.0000
900.0000
3078.0000
1294.0000
2045.0000
1766.0000
1770.0000
4741.0000
710.0000
4496.0000
3581.0000
1934.0000
2586.0000
2957.0000
2882.0000
4375.0000
1477.0000
3485.0000
1112.0000
2251.0000
530.0000
2944.0000
4349.0000
1527.0000
4741.0000
2957.0000
4741.0000
1160.0000
743.0000
1663.0000
1475.0000
2247.0000
3351.0000
3283.0000
829.0000
557.0000
465.0000
1204.0000
1758.0000
1235.0000
465.0000
335.0000
4280.0000
1195.0000
1663.0000
2579.0000
3297.0000
180.0000
2320.0000
746.0000
2148.0000
364.0000
2699.0000
2817.0000
2983.0000
4644.0000
646.0000
1663.0000
1332.0000
3409.0000
4741.0000
1867.0000
1542.0000
3581.0000
180.0000
3894.0000
1390.0000
4741.0000
137.0000
2882.0000
3998.0000
1204.0000
4496.0000
2979.0000
836.0000
2492.0000
1010.0000
2562.0000
1758.0000
1770.0000
1142.0000
273.0000
4321.0000
4501.0000
4424.0000
4424.0000
3078.0000
1480.0000
2696.0000
1508.0000
836.0000
887.0000
2245.0000
1142.0000
2508.0000
1720.0000
4061.0000
262.0000
1867.0000
1812.0000
4741.0000
3625.0000
3375.0000
1294.0000
4184.0000
929.0000
3339.0000
4741.0000
3581.0000
1736.0000
3308.0000
4371.0000
2333.0000
2155.0000
3855.0000
4226.0000
1542.0000
2579.0000
3898.0000
4592.0000
2194.0000
1433.0000
655.0000
1458.0000
1508.0000
2983.0000
4446.0000
1812.0000
515.0000
1924.0000
1036.0000
2233.0000
4087.0000
4375.0000
2162.0000
563.0000
1351.0000
4238.0000
4261.0000
1202.0000
3078.0000
2162.0000
4468.0000
2071.0000
1036.0000
4604.0000
515.0000
4741.0000
1508.0000
646.0000
3325.0000
329.0000
4275.0000
2586.0000
1015.0000
435.0000
720.0000
3297.0000
4377.0000
1770.0000
4183.0000
4042.0000
2437.0000
1622.0000
1256.0000
929.0000
515.0000
831.0000
655.0000
240.0000
