#n = 20
3178.0000
1227.0000
3370.0000
3553.0000
3269.0000
1607.0000
976.0000
1843.0000
628.0000
368.0000
3940.0000
3159.0000
2038.0000
2985.0000
1908.0000
1581.0000
2223.0000
833.0000
2630.0000
3754.0000
2173.0000
906.0000
2995.0000
3370.0000
1227.0000
1371.0000
501.0000
1474.0000
1227.0000
98.0000
1407.0000
4054.0000
697.0000
3787.0000
1482.0000
742.0000
4037.0000
806.0000
3858.0000
1855.0000
4118.0000
1173.0000
2193.0000
865.0000
1999.0000
1622.0000
1189.0000
1259.0000
1205.0000
136.0000
4288.0000
599.0000
1776.0000
1855.0000
224.0000
1776.0000
1106.0000
2795.0000
638.0000
3382.0000
2285.0000
3159.0000
2764.0000
1841.0000
2246.0000
344.0000
4048.0000
2397.0000
1325.0000
1839.0000
1999.0000
1735.0000
3754.0000
1019.0000
3230.0000
1839.0000
2327.0000
1170.0000
2016.0000
3920.0000
252.0000
2095.0000
4190.0000
3928.0000
868.0000
2400.0000
4184.0000
318.0000
3235.0000
1309.0000
2347.0000
3159.0000
2739.0000
3944.0000
2215.0000
4168.0000
4288.0000
1099.0000
2329.0000
294.0000
384.0000
2533.0000
2541.0000
4288.0000
3254.0000
3433.0000
1313.0000
1189.0000
582.0000
1735.0000
2173.0000
3613.0000
98.0000
3689.0000
3382.0000
488.0000
1581.0000
1995.0000
1735.0000
234.0000
1755.0000
1841.0000
2630.0000
4288.0000
2148.0000
2073.0000
3940.0000
2433.0000
1023.0000
2910.0000
1839.0000
2581.0000
2285.0000
3219.0000
2641.0000
266.0000
2442.0000
2739.0000
266.0000
3553.0000
3115.0000
1608.0000
4152.0000
1309.0000
1008.0000
3622.0000
3928.0000
4288.0000
372.0000
2079.0000
1975.0000
3787.0000
3850.0000
530.0000
3182.0000
2148.0000
2235.0000
3926.0000
1647.0000
1622.0000
2484.0000
4288.0000
3433.0000
845.0000
2347.0000
240.0000
2329.0000
3546.0000
740.0000
2827.0000
4190.0000
294.0000
1325.0000
2016.0000
3061.0000
1594.0000
3325.0000
1099.0000
3235.0000
3689.0000
384.0000
2120.0000
1995.0000
1328.0000
344.0000
1129.0000
2003.0000
395.0000
3754.0000
4288.0000
4288.0000
2881.0000
4238.0000
1493.0000
3706.0000
1846.0000
4288.0000
234.0000
1846.0000
3363.0000
1407.0000
3014.0000
4288.0000
280.0000
726.0000
2533.0000
4288.0000
1099.0000
120.0000
2173.0000
2553.0000
2449.0000
2661.0000
4288.0000
748.0000
98.0000
792.0000
3689.0000
4288.0000
702.0000
3280.0000
2397.0000
3278.0000
1129.0000
2530.0000
458.0000
2634.0000
4288.0000
953.0000
1855.0000
3553.0000
2215.0000
3502.0000
3499.0000
3423.0000
3920.0000
879.0000
3904.0000
740.0000
4288.0000
4288.0000
2397.0000
2449.0000
3312.0000
1008.0000
1839.0000
4288.0000
1274.0000
2666.0000
4064.0000
1846.0000
3132.0000
2603.0000
1747.0000
748.0000
742.0000
98.0000
3754.0000
1309.0000
2397.0000
2115.0000
458.0000
2739.0000
3409.0000
2694.0000
2630.0000
3706.0000
1309.0000
1891.0000
3622.0000
3339.0000
3920.0000
3265.0000
2016.0000
959.0000
1735.0000
2173.0000
4168.0000
360.0000
4032.0000
360.0000
4054.0000
170.0000
4184.0000
3858.0000
3235.0000
3339.0000
1747.0000
2235.0000
4288.0000
2329.0000
3970.0000
3231.0000
1008.0000
1891.0000
1293.0000
2380.0000
3540.0000
1205.0000
740.0000
2042.0000
2079.0000
3168.0000
3970.0000
949.0000
1053.0000
1843.0000
4288.0000
2250.0000
2541.0000
3335.0000
280.0000
2285.0000
2484.0000
2173.0000
2979.0000
1657.0000
2631.0000
3118.0000
2400.0000
2293.0000
1010.0000
2215.0000
3433.0000
1549.0000
136.0000
395.0000
3660.0000
104.0000
4288.0000
3189.0000
2875.0000
740.0000
4288.0000
1735.0000
2289.0000
1839.0000
4037.0000
2917.0000
3553.0000
3058.0000
2173.0000
3363.0000
2910.0000
3058.0000
628.0000
1755.0000
953.0000
3546.0000
2065.0000
1524.0000
3546.0000
3058.0000
3920.0000
2792.0000
1941.0000
3304.0000
806.0000
2282.0000
3904.0000
344.0000
868.0000
1414.0000
2386.0000
918.0000
1156.0000
2681.0000
1705.0000
1607.0000
1328.0000
3689.0000
3304.0000
565.0000
1106.0000
4168.0000
3562.0000
3118.0000
1959.0000
2806.0000
786.0000
368.0000
1735.0000
1855.0000
833.0000
2874.0000
534.0000
4184.0000
2329.0000
3064.0000
1908.0000
3178.0000
2433.0000
380.0000
833.0000
3758.0000
3689.0000
368.0000
675.0000
845.0000
3742.0000
