#n = 18
1670.0000
783.0000
2145.0000
3548.0000
309.0000
3815.0000
3067.0000
4287.0000
2266.0000
1376.0000
1662.0000
497.0000
3523.0000
3944.0000
2142.0000
2644.0000
876.0000
4287.0000
3335.0000
3925.0000
3925.0000
1831.0000
2928.0000
455.0000
1923.0000
4287.0000
1238.0000
3944.0000
3330.0000
3330.0000
666.0000
554.0000
2023.0000
3788.0000
3290.0000
1402.0000
2648.0000
3832.0000
958.0000
3046.0000
2231.0000
2593.0000
781.0000
3523.0000
2454.0000
3795.0000
3385.0000
3147.0000
2023.0000
1220.0000
3804.0000
2926.0000
4287.0000
1188.0000
577.0000
4287.0000
3597.0000
2932.0000
3795.0000
2142.0000
2048.0000
2456.0000
3424.0000
904.0000
3006.0000
904.0000
4287.0000
500.0000
1927.0000
3389.0000
1767.0000
1241.0000
1643.0000
3733.0000
3236.0000
362.0000
1662.0000
1955.0000
4099.0000
2211.0000
3147.0000
2952.0000
3694.0000
309.0000
3866.0000
3383.0000
262.0000
4287.0000
3815.0000
4287.0000
137.0000
3815.0000
2593.0000
1909.0000
3907.0000
4019.0000
2266.0000
4049.0000
1694.0000
1069.0000
904.0000
3074.0000
421.0000
3329.0000
3049.0000
2582.0000
3236.0000
4003.0000
2886.0000
958.0000
3552.0000
952.0000
2477.0000
1412.0000
455.0000
2568.0000
690.0000
2886.0000
781.0000
1401.0000
2625.0000
1923.0000
735.0000
666.0000
4287.0000
861.0000
2469.0000
3236.0000
171.0000
1051.0000
2193.0000
3161.0000
1955.0000
2364.0000
362.0000
2722.0000
1739.0000
636.0000
1833.0000
1955.0000
4287.0000
2932.0000
121.0000
268.0000
112.0000
2477.0000
2239.0000
3389.0000
554.0000
1647.0000
2885.0000
499.0000
1264.0000
3040.0000
4287.0000
1531.0000
3478.0000
3944.0000
3335.0000
3795.0000
2829.0000
904.0000
2602.0000
2239.0000
2239.0000
1971.0000
1361.0000
2998.0000
3882.0000
739.0000
284.0000
1955.0000
3889.0000
690.0000
2758.0000
3523.0000
3495.0000
1238.0000
1140.0000
2024.0000
4099.0000
1264.0000
4190.0000
2056.0000
1901.0000
898.0000
455.0000
121.0000
4287.0000
735.0000
1267.0000
1909.0000
1529.0000
238.0000
952.0000
904.0000
3787.0000
3694.0000
904.0000
1238.0000
1267.0000
3330.0000
3452.0000
957.0000
2454.0000
1662.0000
405.0000
1499.0000
483.0000
2886.0000
3329.0000
284.0000
689.0000
3268.0000
3523.0000
3099.0000
4287.0000
1140.0000
2429.0000
4287.0000
3236.0000
3495.0000
636.0000
636.0000
3335.0000
2617.0000
3411.0000
171.0000
137.0000
1647.0000
3031.0000
3478.0000
4190.0000
1647.0000
2788.0000
3411.0000
3832.0000
380.0000
2932.0000
97.0000
405.0000
2600.0000
690.0000
1696.0000
2669.0000
3097.0000
4287.0000
1764.0000
362.0000
3330.0000
3186.0000
3195.0000
343.0000
2640.0000
3426.0000
781.0000
1955.0000
2386.0000
3046.0000
3710.0000
4287.0000
783.0000
1767.0000
2593.0000
2193.0000
2520.0000
2593.0000
1670.0000
1529.0000
1955.0000
2469.0000
3621.0000
3424.0000
3186.0000
499.0000
238.0000
1647.0000
1335.0000
1719.0000
4099.0000
2785.0000
1267.0000
1213.0000
3389.0000
3389.0000
2617.0000
792.0000
137.0000
3506.0000
3667.0000
1359.0000
3147.0000
405.0000
3790.0000
3046.0000
2360.0000
3452.0000
975.0000
405.0000
1529.0000
1573.0000
3031.0000
4287.0000
2602.0000
3046.0000
1818.0000
4166.0000
2145.0000
1901.0000
1267.0000
1670.0000
97.0000
1458.0000
238.0000
1267.0000
1213.0000
1818.0000
1639.0000
3552.0000
3733.0000
492.0000
835.0000
2640.0000
3881.0000
