#n = 15
2131.0000
1090.0000
2380.0000
1187.0000
3114.0000
3247.0000
2596.0000
241.0000
2380.0000
2797.0000
489.0000
2227.0000
2772.0000
3629.0000
1592.0000
760.0000
2146.0000
2442.0000
1187.0000
1659.0000
1225.0000
3146.0000
3629.0000
3629.0000
1940.0000
2586.0000
1467.0000
857.0000
2713.0000
1689.0000
2113.0000
2489.0000
2974.0000
1192.0000
2768.0000
3356.0000
392.0000
1663.0000
1140.0000
3629.0000
2489.0000
1516.0000
665.0000
273.0000
3629.0000
2181.0000
2404.0000
2782.0000
2713.0000
709.0000
1402.0000
2675.0000
50.0000
345.0000
2305.0000
2675.0000
362.0000
762.0000
2924.0000
1297.0000
2983.0000
1840.0000
1522.0000
3114.0000
3251.0000
1659.0000
3629.0000
669.0000
3334.0000
291.0000
3286.0000
2797.0000
916.0000
2332.0000
2131.0000
54.0000
1843.0000
1402.0000
3629.0000
3629.0000
3164.0000
1140.0000
515.0000
2332.0000
3437.0000
1299.0000
1592.0000
2330.0000
2772.0000
1192.0000
2230.0000
1865.0000
2354.0000
1579.0000
261.0000
2782.0000
2103.0000
465.0000
3077.0000
1623.0000
2332.0000
2006.0000
2442.0000
3338.0000
1852.0000
2328.0000
3437.0000
1987.0000
709.0000
592.0000
1105.0000
709.0000
1008.0000
832.0000
1225.0000
669.0000
3146.0000
343.0000
1399.0000
3629.0000
2113.0000
3338.0000
3629.0000
2227.0000
2960.0000
2435.0000
1425.0000
1138.0000
2596.0000
2869.0000
3443.0000
364.0000
2044.0000
1017.0000
2964.0000
2332.0000
2964.0000
54.0000
665.0000
50.0000
1592.0000
760.0000
1394.0000
2332.0000
1498.0000
2873.0000
2924.0000
54.0000
2059.0000
241.0000
2596.0000
2596.0000
2596.0000
3629.0000
2742.0000
3629.0000
1516.0000
3146.0000
655.0000
2974.0000
2964.0000
1526.0000
1592.0000
3528.0000
502.0000
2974.0000
3164.0000
3368.0000
2328.0000
651.0000
3140.0000
2495.0000
1008.0000
502.0000
207.0000
1225.0000
655.0000
1448.0000
1498.0000
646.0000
3422.0000
2596.0000
3443.0000
1548.0000
2103.0000
414.0000
1402.0000
1498.0000
1467.0000
2107.0000
3247.0000
2596.0000
207.0000
2873.0000
887.0000
954.0000
97.0000
414.0000
2675.0000
385.0000
465.0000
3265.0000
2867.0000
1789.0000
3629.0000
3437.0000
916.0000
3629.0000
207.0000
362.0000
3114.0000
2204.0000
1890.0000
2964.0000
3629.0000
2882.0000
887.0000
3284.0000
857.0000
2113.0000
2882.0000
3629.0000
392.0000
2113.0000
1786.0000
