#n = 13
954.0000
101.0000
522.0000
1549.0000
1361.0000
1336.0000
2308.0000
990.0000
1361.0000
183.0000
2337.0000
2910.0000
2611.0000
1574.0000
2851.0000
2529.0000
412.0000
1955.0000
242.0000
2588.0000
2267.0000
1875.0000
1955.0000
2727.0000
2113.0000
2547.0000
2287.0000
2267.0000
2588.0000
2316.0000
2383.0000
2529.0000
2668.0000
1557.0000
1773.0000
1196.0000
679.0000
674.0000
1816.0000
2383.0000
838.0000
2236.0000
242.0000
1714.0000
1549.0000
322.0000
2588.0000
1931.0000
2228.0000
1517.0000
2231.0000
1517.0000
1658.0000
1634.0000
59.0000
280.0000
2910.0000
1353.0000
2172.0000
2611.0000
2113.0000
1956.0000
80.0000
280.0000
2910.0000
2771.0000
623.0000
2599.0000
2346.0000
1945.0000
1220.0000
1658.0000
2252.0000
2035.0000
2910.0000
1854.0000
2910.0000
280.0000
679.0000
838.0000
979.0000
1238.0000
280.0000
385.0000
1353.0000
679.0000
385.0000
954.0000
2910.0000
2525.0000
527.0000
2207.0000
2910.0000
1277.0000
2308.0000
297.0000
139.0000
2611.0000
522.0000
1353.0000
1035.0000
2472.0000
1658.0000
297.0000
595.0000
1945.0000
363.0000
1056.0000
80.0000
1391.0000
594.0000
885.0000
2851.0000
1096.0000
2172.0000
1623.0000
2645.0000
2637.0000
679.0000
2552.0000
2910.0000
1672.0000
2308.0000
658.0000
1623.0000
1287.0000
2910.0000
2547.0000
280.0000
2308.0000
1623.0000
2252.0000
1634.0000
602.0000
2231.0000
2910.0000
2252.0000
1391.0000
1557.0000
527.0000
2648.0000
273.0000
1816.0000
1336.0000
1633.0000
1714.0000
1336.0000
2035.0000
1519.0000
979.0000
955.0000
2910.0000
2910.0000
1934.0000
280.0000
2611.0000
1854.0000
265.0000
2599.0000
2668.0000
2599.0000
2771.0000
2337.0000
1519.0000
738.0000
1557.0000
2910.0000
2199.0000
1332.0000
