#n = 17
612.0000
1889.0000
3511.0000
2077.0000
3648.0000
1651.0000
1759.0000
4026.0000
2077.0000
3431.0000
715.0000
3010.0000
4337.0000
2152.0000
4020.0000
3127.0000
2340.0000
2180.0000
393.0000
444.0000
2578.0000
3395.0000
778.0000
1374.0000
2860.0000
3189.0000
2077.0000
2077.0000
80.0000
3662.0000
4200.0000
3086.0000
2963.0000
2901.0000
1622.0000
2901.0000
1032.0000
2831.0000
2892.0000
4337.0000
1477.0000
1506.0000
2475.0000
2448.0000
4337.0000
402.0000
2490.0000
1506.0000
1860.0000
180.0000
297.0000
2474.0000
402.0000
1010.0000
3738.0000
2053.0000
3216.0000
2756.0000
1767.0000
680.0000
3086.0000
4099.0000
2832.0000
393.0000
2054.0000
3952.0000
817.0000
1581.0000
402.0000
3049.0000
2742.0000
3149.0000
2742.0000
3648.0000
4337.0000
3905.0000
956.0000
2772.0000
1217.0000
4337.0000
2284.0000
679.0000
4337.0000
1622.0000
3157.0000
385.0000
3780.0000
1863.0000
3944.0000
1290.0000
4151.0000
2742.0000
1052.0000
1388.0000
3229.0000
3010.0000
3582.0000
3657.0000
2715.0000
3973.0000
1622.0000
1498.0000
3520.0000
2044.0000
3010.0000
4337.0000
2860.0000
2676.0000
2160.0000
3729.0000
3559.0000
1891.0000
557.0000
1651.0000
3828.0000
956.0000
3520.0000
2605.0000
3935.0000
2570.0000
3609.0000
3245.0000
3491.0000
1032.0000
4337.0000
1767.0000
3582.0000
3294.0000
826.0000
3216.0000
296.0000
2537.0000
2282.0000
2955.0000
608.0000
3149.0000
4337.0000
4337.0000
1425.0000
675.0000
2912.0000
2934.0000
1869.0000
3729.0000
1354.0000
2164.0000
1210.0000
4337.0000
2605.0000
2398.0000
1891.0000
509.0000
1732.0000
2180.0000
2490.0000
206.0000
3127.0000
2963.0000
3728.0000
3189.0000
778.0000
2742.0000
778.0000
4157.0000
3973.0000
2769.0000
432.0000
3622.0000
1374.0000
137.0000
402.0000
3738.0000
2164.0000
972.0000
3127.0000
1767.0000
680.0000
4257.0000
2537.0000
2180.0000
679.0000
2173.0000
2490.0000
2044.0000
3729.0000
2590.0000
895.0000
3395.0000
2537.0000
2715.0000
3966.0000
1891.0000
3491.0000
1092.0000
1498.0000
3766.0000
3272.0000
1043.0000
1683.0000
3086.0000
1720.0000
609.0000
433.0000
4337.0000
2185.0000
2398.0000
2340.0000
1403.0000
3229.0000
116.0000
1188.0000
997.0000
571.0000
4157.0000
4337.0000
4131.0000
728.0000
2742.0000
1121.0000
2283.0000
1889.0000
2475.0000
1121.0000
1747.0000
433.0000
2185.0000
4041.0000
2756.0000
846.0000
1454.0000
1454.0000
3365.0000
4337.0000
2617.0000
4337.0000
3559.0000
1403.0000
3893.0000
509.0000
1148.0000
3511.0000
4337.0000
4337.0000
2475.0000
2284.0000
3802.0000
2963.0000
2860.0000
3189.0000
2879.0000
3658.0000
2605.0000
393.0000
2625.0000
207.0000
1251.0000
778.0000
1683.0000
4020.0000
1374.0000
778.0000
1683.0000
2549.0000
238.0000
599.0000
2901.0000
1210.0000
2164.0000
2625.0000
535.0000
1121.0000
385.0000
3729.0000
3648.0000
3149.0000
3010.0000
1847.0000
2054.0000
296.0000
2282.0000
432.0000
2448.0000
4337.0000
699.0000
3828.0000
992.0000
2043.0000
612.0000
137.0000
