#n = 19
614.0000
4426.0000
3572.0000
3907.0000
1070.0000
1644.0000
4295.0000
393.0000
1756.0000
4391.0000
1573.0000
3901.0000
2299.0000
2425.0000
4420.0000
1614.0000
3456.0000
4359.0000
2074.0000
1712.0000
4688.0000
4688.0000
2974.0000
3212.0000
1218.0000
4303.0000
3965.0000
3210.0000
1355.0000
1192.0000
4608.0000
655.0000
4027.0000
2038.0000
1644.0000
811.0000
2963.0000
1756.0000
4306.0000
1116.0000
2263.0000
2299.0000
876.0000
876.0000
614.0000
4289.0000
1251.0000
4211.0000
2614.0000
3877.0000
2436.0000
1507.0000
3998.0000
2520.0000
3419.0000
4137.0000
1113.0000
933.0000
4688.0000
363.0000
3758.0000
1427.0000
4306.0000
4294.0000
4074.0000
3994.0000
2596.0000
1034.0000
4151.0000
4688.0000
188.0000
2334.0000
1210.0000
2760.0000
188.0000
2760.0000
811.0000
3151.0000
519.0000
4048.0000
3419.0000
3572.0000
1366.0000
477.0000
426.0000
4688.0000
1822.0000
3904.0000
4033.0000
2747.0000
4688.0000
2271.0000
285.0000
2520.0000
2497.0000
2760.0000
922.0000
2450.0000
4688.0000
640.0000
3541.0000
3581.0000
1147.0000
4211.0000
1210.0000
2270.0000
2761.0000
4688.0000
3763.0000
4688.0000
3758.0000
268.0000
1107.0000
4688.0000
2844.0000
787.0000
4151.0000
4551.0000
137.0000
1218.0000
2693.0000
394.0000
4137.0000
1634.0000
1271.0000
4688.0000
2899.0000
930.0000
2418.0000
3074.0000
4688.0000
2802.0000
3212.0000
2974.0000
4500.0000
175.0000
956.0000
4391.0000
2257.0000
922.0000
833.0000
3541.0000
1822.0000
3907.0000
1070.0000
329.0000
1789.0000
4248.0000
1928.0000
4345.0000
4289.0000
3732.0000
2581.0000
3359.0000
4591.0000
2334.0000
1095.0000
3210.0000
1756.0000
385.0000
2858.0000
3322.0000
2747.0000
1900.0000
2497.0000
3261.0000
836.0000
1332.0000
4151.0000
3904.0000
1507.0000
2747.0000
3572.0000
4688.0000
1381.0000
1144.0000
4688.0000
4303.0000
557.0000
655.0000
4688.0000
3484.0000
690.0000
3763.0000
4688.0000
1598.0000
2932.0000
551.0000
519.0000
3496.0000
4391.0000
4312.0000
3966.0000
3618.0000
792.0000
4151.0000
811.0000
3806.0000
640.0000
2844.0000
4033.0000
4289.0000
4500.0000
2041.0000
1844.0000
723.0000
4303.0000
2782.0000
3901.0000
3755.0000
1756.0000
4688.0000
3896.0000
1404.0000
3456.0000
188.0000
3496.0000
95.0000
262.0000
1822.0000
1709.0000
3799.0000
1941.0000
1113.0000
1116.0000
3947.0000
3669.0000
2993.0000
3966.0000
3356.0000
4688.0000
3111.0000
1725.0000
811.0000
4688.0000
2979.0000
2693.0000
3369.0000
2252.0000
781.0000
1529.0000
329.0000
188.0000
3359.0000
3359.0000
1900.0000
3896.0000
3618.0000
3855.0000
3541.0000
4312.0000
2354.0000
3669.0000
1301.0000
95.0000
930.0000
1113.0000
440.0000
473.0000
694.0000
1204.0000
2899.0000
4591.0000
1709.0000
3022.0000
4688.0000
1204.0000
285.0000
95.0000
1355.0000
4295.0000
640.0000
4359.0000
1900.0000
3544.0000
655.0000
4295.0000
2038.0000
2262.0000
456.0000
2043.0000
3618.0000
440.0000
3575.0000
3763.0000
4426.0000
1174.0000
3115.0000
3369.0000
80.0000
737.0000
4092.0000
1725.0000
2262.0000
95.0000
3187.0000
2802.0000
285.0000
4551.0000
3373.0000
376.0000
1501.0000
3290.0000
2747.0000
655.0000
661.0000
811.0000
745.0000
1116.0000
3322.0000
1995.0000
922.0000
2262.0000
787.0000
1858.0000
3666.0000
2041.0000
2760.0000
2425.0000
3141.0000
1507.0000
933.0000
2334.0000
4377.0000
3766.0000
1547.0000
723.0000
1858.0000
1070.0000
3907.0000
4513.0000
3054.0000
781.0000
1501.0000
1844.0000
4688.0000
1052.0000
1529.0000
1941.0000
2596.0000
3636.0000
4688.0000
3907.0000
1644.0000
2645.0000
4688.0000
1695.0000
3812.0000
456.0000
4074.0000
2096.0000
1714.0000
2425.0000
2600.0000
2913.0000
3763.0000
1174.0000
2270.0000
4591.0000
2088.0000
2520.0000
