#n = 11
1430.0000
2012.0000
422.0000
1820.0000
260.0000
1016.0000
2312.0000
2392.0000
1046.0000
430.0000
1620.0000
2155.0000
1870.0000
1554.0000
1820.0000
1633.0000
1396.0000
2392.0000
594.0000
996.0000
2050.0000
237.0000
1970.0000
380.0000
1294.0000
1611.0000
996.0000
2392.0000
1540.0000
1820.0000
164.0000
164.0000
1374.0000
1374.0000
241.0000
852.0000
1918.0000
2034.0000
430.0000
602.0000
1633.0000
936.0000
380.0000
80.0000
1098.0000
2031.0000
572.0000
671.0000
1870.0000
241.0000
2228.0000
838.0000
1360.0000
1346.0000
1430.0000
835.0000
962.0000
80.0000
50.0000
1199.0000
2155.0000
1396.0000
952.0000
164.0000
852.0000
2342.0000
759.0000
181.0000
1440.0000
1018.0000
260.0000
772.0000
1670.0000
1633.0000
1531.0000
2392.0000
2291.0000
2392.0000
164.0000
1790.0000
2392.0000
2392.0000
1633.0000
2031.0000
595.0000
358.0000
1203.0000
2392.0000
1346.0000
2392.0000
2228.0000
1032.0000
2392.0000
361.0000
1790.0000
602.0000
594.0000
2392.0000
1360.0000
1768.0000
2211.0000
2291.0000
164.0000
802.0000
772.0000
2392.0000
361.0000
722.0000
237.0000
1670.0000
952.0000
214.0000
2392.0000
80.0000
1016.0000
838.0000
2312.0000
361.0000
1440.0000
572.0000
1560.0000
