#n = 19
2271.0000
2497.0000
473.0000
2977.0000
1573.0000
4232.0000
2520.0000
1319.0000
876.0000
537.0000
4688.0000
4688.0000
3369.0000
1116.0000
4688.0000
1941.0000
1019.0000
4688.0000
2651.0000
3111.0000
3437.0000
1427.0000
737.0000
3181.0000
4688.0000
3965.0000
1476.0000
4092.0000
1844.0000
4688.0000
1271.0000
385.0000
2979.0000
97.0000
3534.0000
4688.0000
2088.0000
2614.0000
4688.0000
2647.0000
3904.0000
1695.0000
285.0000
1529.0000
4262.0000
4033.0000
1427.0000
833.0000
4211.0000
482.0000
1147.0000
188.0000
4074.0000
741.0000
3534.0000
3863.0000
2761.0000
1052.0000
1577.0000
4151.0000
956.0000
2747.0000
1398.0000
3044.0000
4688.0000
4377.0000
4591.0000
3159.0000
2238.0000
3212.0000
4688.0000
3974.0000
4688.0000
722.0000
2788.0000
4391.0000
2431.0000
3054.0000
2497.0000
4325.0000
3966.0000
2600.0000
2788.0000
4151.0000
3812.0000
3373.0000
3212.0000
2523.0000
1154.0000
4688.0000
1537.0000
4377.0000
4500.0000
4688.0000
2761.0000
1398.0000
825.0000
2913.0000
4688.0000
2761.0000
3496.0000
1381.0000
1192.0000
1906.0000
3356.0000
1844.0000
2963.0000
382.0000
922.0000
2651.0000
3755.0000
311.0000
2092.0000
2963.0000
2976.0000
4048.0000
268.0000
4092.0000
661.0000
1955.0000
4151.0000
2425.0000
1644.0000
4688.0000
1712.0000
4688.0000
1329.0000
4295.0000
1476.0000
3242.0000
297.0000
4688.0000
956.0000
1427.0000
1113.0000
4027.0000
2262.0000
4688.0000
311.0000
4131.0000
4137.0000
3812.0000
2191.0000
4688.0000
4513.0000
3210.0000
262.0000
3071.0000
343.0000
2252.0000
1381.0000
4092.0000
440.0000
2645.0000
3947.0000
95.0000
1232.0000
2141.0000
1886.0000
3333.0000
2431.0000
385.0000
1714.0000
1070.0000
2165.0000
1022.0000
1844.0000
1446.0000
4688.0000
1034.0000
4295.0000
393.0000
1107.0000
2733.0000
2107.0000
1232.0000
4248.0000
329.0000
1147.0000
456.0000
3544.0000
1116.0000
4688.0000
2581.0000
3151.0000
2760.0000
3071.0000
2645.0000
2389.0000
2844.0000
4688.0000
2844.0000
3763.0000
2043.0000
2263.0000
3994.0000
4248.0000
4688.0000
2262.0000
456.0000
3732.0000
1034.0000
3284.0000
1725.0000
3855.0000
4593.0000
4092.0000
2678.0000
1955.0000
3478.0000
4248.0000
3763.0000
1666.0000
3514.0000
889.0000
792.0000
2299.0000
4688.0000
482.0000
2425.0000
4294.0000
1928.0000
956.0000
4688.0000
1251.0000
1204.0000
3151.0000
2141.0000
3181.0000
3339.0000
1210.0000
4295.0000
4420.0000
3758.0000
4303.0000
3307.0000
3290.0000
2229.0000
2747.0000
1116.0000
2913.0000
3210.0000
922.0000
440.0000
1906.0000
175.0000
3071.0000
477.0000
95.0000
2334.0000
2882.0000
1154.0000
1251.0000
4688.0000
137.0000
1789.0000
2238.0000
2165.0000
2096.0000
3437.0000
4248.0000
3159.0000
2459.0000
3074.0000
1709.0000
2299.0000
1577.0000
1404.0000
1830.0000
876.0000
4303.0000
2523.0000
1329.0000
4688.0000
3732.0000
3159.0000
3755.0000
2844.0000
1174.0000
3111.0000
3852.0000
1644.0000
3901.0000
3212.0000
3581.0000
4500.0000
3666.0000
3534.0000
4591.0000
2913.0000
3373.0000
3242.0000
557.0000
4688.0000
490.0000
2037.0000
3151.0000
4688.0000
3373.0000
2747.0000
1315.0000
3369.0000
4688.0000
2450.0000
2693.0000
4033.0000
537.0000
3115.0000
1329.0000
4591.0000
2581.0000
2647.0000
3090.0000
1775.0000
4151.0000
4303.0000
4688.0000
2747.0000
3141.0000
1478.0000
694.0000
4295.0000
2257.0000
3356.0000
4688.0000
3470.0000
4591.0000
1315.0000
2141.0000
3071.0000
2431.0000
1476.0000
4294.0000
4198.0000
2168.0000
2168.0000
1537.0000
3544.0000
1977.0000
836.0000
2141.0000
2761.0000
3456.0000
4391.0000
1634.0000
787.0000
4420.0000
1232.0000
4137.0000
1019.0000
188.0000
2678.0000
1116.0000
97.0000
97.0000
787.0000
792.0000
4591.0000
1900.0000
4295.0000
1977.0000
