#n = 17
4337.0000
1684.0000
906.0000
846.0000
1210.0000
3542.0000
3944.0000
906.0000
4040.0000
297.0000
4020.0000
2043.0000
1775.0000
393.0000
1477.0000
297.0000
599.0000
3952.0000
675.0000
1121.0000
906.0000
1568.0000
180.0000
4337.0000
4337.0000
699.0000
3381.0000
3294.0000
3802.0000
4020.0000
1759.0000
3893.0000
612.0000
2590.0000
4337.0000
1148.0000
3973.0000
2654.0000
2955.0000
1747.0000
2860.0000
2686.0000
817.0000
3086.0000
2831.0000
1217.0000
2756.0000
3738.0000
3010.0000
1072.0000
2077.0000
2446.0000
3491.0000
4041.0000
385.0000
207.0000
1290.0000
1288.0000
3120.0000
3582.0000
2173.0000
3904.0000
1425.0000
2490.0000
238.0000
2686.0000
679.0000
3395.0000
2173.0000
1622.0000
2260.0000
2676.0000
4257.0000
2686.0000
3345.0000
1121.0000
942.0000
1732.0000
1767.0000
1506.0000
3935.0000
1889.0000
2105.0000
180.0000
795.0000
1860.0000
2468.0000
826.0000
1043.0000
599.0000
1581.0000
4337.0000
2294.0000
1180.0000
4337.0000
1891.0000
826.0000
1065.0000
2969.0000
3944.0000
3174.0000
2605.0000
116.0000
4257.0000
364.0000
2756.0000
4099.0000
2860.0000
3511.0000
1113.0000
4157.0000
3622.0000
956.0000
3542.0000
4200.0000
2446.0000
2570.0000
2284.0000
4040.0000
4221.0000
1052.0000
571.0000
3725.0000
2077.0000
4337.0000
795.0000
1800.0000
2570.0000
689.0000
186.0000
4337.0000
3224.0000
609.0000
4337.0000
826.0000
1217.0000
1052.0000
80.0000
1732.0000
1891.0000
4337.0000
2260.0000
1891.0000
2772.0000
2294.0000
393.0000
2475.0000
2448.0000
3229.0000
3345.0000
432.0000
1251.0000
1052.0000
2284.0000
895.0000
4337.0000
2831.0000
4020.0000
295.0000
2475.0000
2477.0000
689.0000
1065.0000
4337.0000
1498.0000
3265.0000
473.0000
2549.0000
599.0000
689.0000
2832.0000
2284.0000
3944.0000
1622.0000
2490.0000
1788.0000
80.0000
3662.0000
3500.0000
1767.0000
675.0000
3828.0000
2653.0000
1651.0000
4337.0000
1188.0000
1454.0000
3567.0000
393.0000
1712.0000
1052.0000
1775.0000
2490.0000
1388.0000
609.0000
1210.0000
2177.0000
2839.0000
3127.0000
4337.0000
2055.0000
4151.0000
1847.0000
2934.0000
1661.0000
4337.0000
3542.0000
3327.0000
1552.0000
3952.0000
535.0000
164.0000
1506.0000
2949.0000
164.0000
180.0000
180.0000
3381.0000
3738.0000
1506.0000
2578.0000
4173.0000
728.0000
393.0000
2969.0000
2860.0000
3285.0000
1188.0000
1800.0000
2474.0000
2446.0000
137.0000
3189.0000
1388.0000
2839.0000
1188.0000
3973.0000
2340.0000
1052.0000
2284.0000
4337.0000
2260.0000
699.0000
2160.0000
2260.0000
3381.0000
393.0000
2686.0000
3657.0000
1368.0000
1052.0000
3127.0000
238.0000
3135.0000
2055.0000
3285.0000
1552.0000
1113.0000
3952.0000
4157.0000
956.0000
1622.0000
3944.0000
4337.0000
311.0000
186.0000
679.0000
1217.0000
3952.0000
1113.0000
557.0000
2625.0000
2537.0000
1712.0000
2625.0000
4337.0000
4257.0000
1072.0000
4337.0000
2617.0000
1684.0000
2983.0000
1712.0000
297.0000
1072.0000
2448.0000
385.0000
3216.0000
4020.0000
