#n = 16
2193.0000
2605.0000
1955.0000
785.0000
2456.0000
2556.0000
362.0000
358.0000
3483.0000
3544.0000
1735.0000
1156.0000
1931.0000
3761.0000
358.0000
2818.0000
3729.0000
1737.0000
297.0000
3384.0000
2106.0000
2555.0000
183.0000
3384.0000
2730.0000
2099.0000
482.0000
2218.0000
721.0000
2244.0000
1047.0000
2947.0000
3077.0000
3512.0000
244.0000
453.0000
1473.0000
2401.0000
2392.0000
1647.0000
1023.0000
908.0000
80.0000
112.0000
3126.0000
3579.0000
3841.0000
1528.0000
1419.0000
2933.0000
262.0000
1245.0000
1285.0000
992.0000
2650.0000
2937.0000
2982.0000
112.0000
2293.0000
621.0000
1737.0000
2730.0000
1170.0000
1449.0000
827.0000
2106.0000
1832.0000
244.0000
536.0000
3841.0000
536.0000
2676.0000
1419.0000
626.0000
3557.0000
2685.0000
2933.0000
3677.0000
2313.0000
1910.0000
3841.0000
665.0000
2596.0000
2671.0000
441.0000
2050.0000
3038.0000
3479.0000
1777.0000
1286.0000
1647.0000
2106.0000
2596.0000
1777.0000
3841.0000
3841.0000
3220.0000
2356.0000
546.0000
2009.0000
1931.0000
2671.0000
1321.0000
1528.0000
1860.0000
904.0000
3087.0000
244.0000
2368.0000
738.0000
2937.0000
833.0000
2356.0000
2596.0000
3579.0000
3146.0000
620.0000
1170.0000
3276.0000
2148.0000
2902.0000
2039.0000
3400.0000
3295.0000
1111.0000
2671.0000
982.0000
262.0000
695.0000
2422.0000
546.0000
95.0000
2130.0000
1266.0000
1955.0000
2130.0000
3578.0000
2646.0000
844.0000
3103.0000
441.0000
3146.0000
2194.0000
827.0000
2933.0000
2194.0000
1453.0000
2947.0000
2551.0000
2646.0000
2933.0000
3658.0000
1285.0000
2401.0000
1791.0000
2605.0000
785.0000
1385.0000
2646.0000
3483.0000
2293.0000
244.0000
1290.0000
1286.0000
3483.0000
1528.0000
3579.0000
3359.0000
2646.0000
2947.0000
3217.0000
3077.0000
3483.0000
80.0000
2650.0000
3008.0000
2392.0000
2164.0000
238.0000
908.0000
2361.0000
3217.0000
3841.0000
3241.0000
1165.0000
3603.0000
695.0000
1791.0000
2605.0000
1692.0000
2685.0000
928.0000
164.0000
1802.0000
1449.0000
2356.0000
1480.0000
1548.0000
3841.0000
1647.0000
3579.0000
2392.0000
2605.0000
883.0000
3215.0000
1772.0000
1047.0000
738.0000
621.0000
3400.0000
2556.0000
1742.0000
1548.0000
3449.0000
2106.0000
3677.0000
1802.0000
238.0000
3634.0000
112.0000
284.0000
1886.0000
1886.0000
164.0000
3841.0000
1195.0000
3841.0000
2104.0000
2719.0000
721.0000
546.0000
1266.0000
1955.0000
1111.0000
95.0000
262.0000
1419.0000
1623.0000
358.0000
2401.0000
2368.0000
620.0000
1083.0000
3483.0000
2842.0000
1245.0000
715.0000
1910.0000
764.0000
1409.0000
3658.0000
2313.0000
262.0000
738.0000
1047.0000
600.0000
