#n = 18
1140.0000
955.0000
3020.0000
2316.0000
4287.0000
1140.0000
2591.0000
4287.0000
3389.0000
1565.0000
4287.0000
4287.0000
4049.0000
620.0000
1123.0000
3164.0000
1238.0000
2722.0000
499.0000
2593.0000
863.0000
3046.0000
405.0000
2386.0000
1238.0000
3667.0000
4287.0000
1238.0000
620.0000
898.0000
1140.0000
3520.0000
904.0000
1639.0000
689.0000
3523.0000
3046.0000
2591.0000
1092.0000
2600.0000
975.0000
1810.0000
316.0000
1565.0000
4287.0000
2023.0000
2454.0000
3651.0000
957.0000
4287.0000
2548.0000
4166.0000
3067.0000
2316.0000
1696.0000
1289.0000
3971.0000
4287.0000
1662.0000
1241.0000
1833.0000
902.0000
3480.0000
1428.0000
2094.0000
1069.0000
2520.0000
1565.0000
492.0000
2332.0000
121.0000
2076.0000
3971.0000
4019.0000
2142.0000
3383.0000
3795.0000
1190.0000
4287.0000
3383.0000
2648.0000
2140.0000
284.0000
3978.0000
3548.0000
1759.0000
2142.0000
380.0000
2239.0000
1428.0000
2477.0000
3978.0000
1069.0000
1281.0000
1759.0000
3548.0000
1639.0000
1355.0000
3718.0000
3523.0000
1685.0000
690.0000
3907.0000
1565.0000
3097.0000
4287.0000
2875.0000
2239.0000
1402.0000
636.0000
2266.0000
262.0000
4287.0000
3790.0000
3426.0000
2021.0000
3788.0000
2259.0000
952.0000
3424.0000
1767.0000
898.0000
1593.0000
593.0000
3023.0000
405.0000
690.0000
421.0000
2617.0000
2600.0000
1502.0000
4287.0000
362.0000
4166.0000
809.0000
3143.0000
3597.0000
2316.0000
3290.0000
3049.0000
3621.0000
1213.0000
958.0000
786.0000
2829.0000
268.0000
1281.0000
2568.0000
4233.0000
3790.0000
547.0000
3385.0000
343.0000
2785.0000
398.0000
4287.0000
1188.0000
4287.0000
577.0000
1831.0000
3383.0000
3718.0000
1767.0000
958.0000
1927.0000
1670.0000
863.0000
2758.0000
1188.0000
112.0000
3186.0000
3718.0000
554.0000
3881.0000
2762.0000
1355.0000
2756.0000
492.0000
1927.0000
4116.0000
137.0000
316.0000
112.0000
1188.0000
863.0000
362.0000
636.0000
2911.0000
2926.0000
3710.0000
1662.0000
3480.0000
3023.0000
309.0000
1529.0000
3335.0000
316.0000
957.0000
4019.0000
188.0000
1647.0000
3971.0000
4287.0000
809.0000
1289.0000
2094.0000
1971.0000
188.0000
547.0000
343.0000
569.0000
1525.0000
1241.0000
1126.0000
2669.0000
3478.0000
636.0000
398.0000
3866.0000
3971.0000
3164.0000
1618.0000
1256.0000
2364.0000
3552.0000
801.0000
3978.0000
455.0000
1818.0000
2195.0000
1402.0000
362.0000
3218.0000
2694.0000
577.0000
4287.0000
2140.0000
4287.0000
2185.0000
2520.0000
3143.0000
898.0000
2231.0000
807.0000
2211.0000
2145.0000
1401.0000
497.0000
500.0000
1833.0000
957.0000
783.0000
2386.0000
1955.0000
4287.0000
1264.0000
3788.0000
1289.0000
171.0000
3804.0000
2785.0000
2640.0000
783.0000
2714.0000
2617.0000
2048.0000
2756.0000
2239.0000
904.0000
958.0000
2469.0000
2145.0000
3031.0000
593.0000
2582.0000
3944.0000
2831.0000
3099.0000
1355.0000
3020.0000
4287.0000
1355.0000
2094.0000
4190.0000
863.0000
904.0000
97.0000
1402.0000
4287.0000
3804.0000
1955.0000
861.0000
554.0000
2048.0000
3383.0000
3667.0000
1647.0000
2714.0000
2602.0000
1831.0000
499.0000
3866.0000
343.0000
801.0000
4287.0000
3889.0000
1241.0000
3710.0000
1264.0000
2640.0000
3978.0000
97.0000
4233.0000
4287.0000
3097.0000
1355.0000
898.0000
4287.0000
807.0000
3501.0000
627.0000
767.0000
975.0000
620.0000
