#n = 19
4359.0000
1712.0000
825.0000
329.0000
3187.0000
4688.0000
4092.0000
394.0000
1332.0000
2592.0000
2782.0000
1830.0000
882.0000
4048.0000
2088.0000
3654.0000
3074.0000
1725.0000
2168.0000
2782.0000
4048.0000
2830.0000
2321.0000
1830.0000
1927.0000
4295.0000
3974.0000
97.0000
1529.0000
329.0000
1034.0000
1598.0000
2367.0000
4591.0000
137.0000
4289.0000
876.0000
399.0000
4169.0000
4211.0000
4048.0000
2547.0000
661.0000
925.0000
285.0000
376.0000
376.0000
2041.0000
477.0000
3994.0000
3284.0000
2651.0000
1955.0000
4312.0000
2041.0000
2074.0000
4688.0000
2858.0000
2262.0000
781.0000
1052.0000
1210.0000
3572.0000
3716.0000
3159.0000
3755.0000
2596.0000
836.0000
1204.0000
3044.0000
3907.0000
188.0000
4248.0000
1210.0000
2271.0000
4092.0000
2651.0000
3877.0000
1301.0000
3261.0000
440.0000
4688.0000
1529.0000
4048.0000
3806.0000
2693.0000
188.0000
2299.0000
2334.0000
1577.0000
4074.0000
2257.0000
2977.0000
2711.0000
745.0000
4593.0000
1598.0000
2747.0000
3877.0000
4593.0000
2271.0000
722.0000
3181.0000
297.0000
268.0000
1955.0000
3618.0000
297.0000
3054.0000
3755.0000
2263.0000
2299.0000
2963.0000
787.0000
640.0000
1927.0000
1095.0000
3054.0000
614.0000
97.0000
2436.0000
1955.0000
4688.0000
3974.0000
4289.0000
482.0000
1381.0000
382.0000
3732.0000
714.0000
640.0000
394.0000
1927.0000
97.0000
4426.0000
3581.0000
1977.0000
3090.0000
1927.0000
3419.0000
2547.0000
1366.0000
694.0000
2818.0000
1251.0000
972.0000
3339.0000
4359.0000
4092.0000
4048.0000
188.0000
811.0000
2993.0000
811.0000
3666.0000
1789.0000
1154.0000
2389.0000
1381.0000
1116.0000
2299.0000
3896.0000
4688.0000
1154.0000
2693.0000
833.0000
4248.0000
3356.0000
2270.0000
1900.0000
1204.0000
1547.0000
2523.0000
2367.0000
3456.0000
3572.0000
1301.0000
1634.0000
3242.0000
3387.0000
3044.0000
1022.0000
262.0000
3901.0000
2270.0000
3951.0000
2043.0000
4688.0000
2802.0000
1711.0000
537.0000
922.0000
3470.0000
1315.0000
3356.0000
1995.0000
3387.0000
440.0000
188.0000
519.0000
737.0000
1154.0000
2976.0000
1052.0000
1695.0000
3261.0000
3484.0000
3901.0000
3141.0000
2976.0000
4262.0000
922.0000
3763.0000
3159.0000
3666.0000
3187.0000
882.0000
4688.0000
4137.0000
2074.0000
490.0000
490.0000
1537.0000
2678.0000
3111.0000
3261.0000
3812.0000
2976.0000
3090.0000
4688.0000
3904.0000
925.0000
2271.0000
4359.0000
737.0000
4206.0000
836.0000
1116.0000
1154.0000
329.0000
188.0000
4688.0000
4131.0000
1174.0000
784.0000
4377.0000
2520.0000
3071.0000
1870.0000
4688.0000
482.0000
741.0000
3669.0000
4169.0000
690.0000
1858.0000
3947.0000
1445.0000
2760.0000
694.0000
399.0000
4345.0000
737.0000
4289.0000
1319.0000
4591.0000
4688.0000
3339.0000
1870.0000
3534.0000
1427.0000
1329.0000
4206.0000
4312.0000
4688.0000
4137.0000
3456.0000
2747.0000
4033.0000
972.0000
2191.0000
4345.0000
2647.0000
3243.0000
1775.0000
690.0000
4688.0000
3210.0000
1019.0000
4033.0000
3951.0000
3812.0000
4169.0000
4295.0000
1906.0000
1577.0000
1577.0000
1315.0000
2913.0000
3636.0000
3373.0000
1319.0000
3369.0000
3636.0000
3387.0000
3373.0000
4420.0000
2092.0000
3022.0000
1218.0000
1210.0000
4688.0000
4688.0000
1332.0000
3242.0000
2761.0000
2614.0000
2238.0000
1756.0000
1404.0000
188.0000
3339.0000
3732.0000
2788.0000
4359.0000
4345.0000
833.0000
1329.0000
4688.0000
2866.0000
2788.0000
3242.0000
3359.0000
4688.0000
2252.0000
1900.0000
1756.0000
557.0000
3799.0000
3022.0000
4248.0000
3470.0000
2497.0000
1445.0000
3863.0000
4608.0000
1034.0000
2844.0000
1547.0000
1251.0000
1269.0000
2913.0000
3074.0000
1547.0000
376.0000
930.0000
4551.0000
4048.0000
2974.0000
4294.0000
2497.0000
