#n = 15
1663.0000
3437.0000
2251.0000
3629.0000
1394.0000
502.0000
2278.0000
3244.0000
483.0000
1526.0000
1522.0000
1043.0000
3215.0000
2103.0000
1017.0000
3629.0000
2920.0000
101.0000
1297.0000
1764.0000
1548.0000
465.0000
2404.0000
3532.0000
3437.0000
515.0000
3286.0000
1140.0000
3247.0000
291.0000
3579.0000
760.0000
414.0000
362.0000
1642.0000
54.0000
440.0000
3629.0000
1526.0000
2354.0000
1394.0000
2059.0000
887.0000
2978.0000
489.0000
3368.0000
3532.0000
2435.0000
1786.0000
1784.0000
1467.0000
3629.0000
2113.0000
207.0000
2924.0000
1789.0000
1299.0000
2235.0000
273.0000
1526.0000
1483.0000
1764.0000
2692.0000
1138.0000
3368.0000
192.0000
1399.0000
832.0000
1134.0000
2675.0000
2869.0000
2305.0000
1789.0000
3164.0000
552.0000
3251.0000
2772.0000
665.0000
665.0000
2332.0000
3114.0000
1275.0000
2612.0000
1845.0000
2305.0000
3422.0000
3164.0000
2235.0000
1579.0000
1845.0000
3437.0000
3244.0000
3629.0000
1033.0000
2621.0000
3164.0000
2539.0000
1301.0000
887.0000
3443.0000
937.0000
465.0000
54.0000
345.0000
1399.0000
186.0000
651.0000
1966.0000
364.0000
1548.0000
2612.0000
3061.0000
2380.0000
1033.0000
1033.0000
568.0000
762.0000
2380.0000
3629.0000
3629.0000
916.0000
2539.0000
2305.0000
3267.0000
2827.0000
3575.0000
261.0000
97.0000
343.0000
2230.0000
2227.0000
364.0000
2675.0000
3356.0000
465.0000
2819.0000
3237.0000
2227.0000
2964.0000
382.0000
3629.0000
832.0000
97.0000
2495.0000
1225.0000
665.0000
1105.0000
3037.0000
1516.0000
440.0000
3189.0000
1225.0000
3575.0000
1275.0000
1301.0000
1105.0000
1789.0000
414.0000
1297.0000
1194.0000
810.0000
3629.0000
3247.0000
3528.0000
1297.0000
3265.0000
2612.0000
802.0000
3629.0000
2328.0000
2162.0000
1033.0000
3356.0000
847.0000
3629.0000
592.0000
1425.0000
1739.0000
502.0000
3629.0000
2181.0000
3629.0000
3140.0000
362.0000
1940.0000
857.0000
241.0000
669.0000
3629.0000
3422.0000
1890.0000
440.0000
1043.0000
2882.0000
709.0000
2107.0000
2113.0000
937.0000
3629.0000
1585.0000
1659.0000
1394.0000
101.0000
1642.0000
1789.0000
887.0000
1351.0000
3528.0000
1192.0000
1966.0000
1083.0000
2162.0000
2732.0000
2621.0000
2675.0000
2539.0000
847.0000
3251.0000
1033.0000
1043.0000
3061.0000
1394.0000
3114.0000
1483.0000
1448.0000
