#n = 15
1448.0000
385.0000
2524.0000
2596.0000
1008.0000
2924.0000
2882.0000
1194.0000
3146.0000
1297.0000
3629.0000
1777.0000
847.0000
1865.0000
2050.0000
3127.0000
3629.0000
1394.0000
343.0000
1225.0000
392.0000
1187.0000
3629.0000
897.0000
101.0000
3114.0000
2713.0000
2131.0000
3061.0000
382.0000
2162.0000
1083.0000
568.0000
2204.0000
802.0000
1399.0000
3629.0000
669.0000
1008.0000
502.0000
3629.0000
97.0000
3629.0000
1784.0000
2330.0000
847.0000
3629.0000
802.0000
2869.0000
1275.0000
2782.0000
1789.0000
2495.0000
362.0000
3629.0000
3215.0000
1786.0000
54.0000
2227.0000
2332.0000
2491.0000
3237.0000
747.0000
3437.0000
483.0000
3368.0000
1275.0000
2330.0000
3629.0000
2621.0000
1865.0000
1275.0000
3388.0000
857.0000
2006.0000
954.0000
3629.0000
515.0000
2491.0000
1970.0000
1008.0000
97.0000
1852.0000
1623.0000
1017.0000
1592.0000
2332.0000
1940.0000
916.0000
3629.0000
3629.0000
2732.0000
2251.0000
364.0000
54.0000
2768.0000
3265.0000
1966.0000
2713.0000
2675.0000
54.0000
552.0000
489.0000
3443.0000
1852.0000
2692.0000
465.0000
552.0000
2869.0000
954.0000
101.0000
1840.0000
2983.0000
847.0000
515.0000
2782.0000
756.0000
2827.0000
2882.0000
592.0000
1033.0000
1739.0000
2059.0000
440.0000
3575.0000
1526.0000
1516.0000
1399.0000
2251.0000
2960.0000
1324.0000
1017.0000
2050.0000
1275.0000
295.0000
646.0000
1275.0000
515.0000
2882.0000
937.0000
1299.0000
1789.0000
2230.0000
1843.0000
2006.0000
414.0000
2692.0000
2278.0000
1297.0000
2435.0000
2435.0000
3629.0000
937.0000
2768.0000
2330.0000
1592.0000
1297.0000
568.0000
1526.0000
1516.0000
3237.0000
295.0000
3146.0000
1394.0000
1033.0000
1017.0000
1940.0000
2204.0000
3146.0000
2546.0000
2495.0000
3629.0000
3443.0000
2869.0000
861.0000
2442.0000
2235.0000
1187.0000
2586.0000
2827.0000
3164.0000
2235.0000
3284.0000
762.0000
2354.0000
489.0000
2964.0000
897.0000
861.0000
2037.0000
1840.0000
2978.0000
101.0000
3215.0000
186.0000
3338.0000
291.0000
1425.0000
3237.0000
2059.0000
1140.0000
1498.0000
1467.0000
1789.0000
832.0000
1017.0000
54.0000
1083.0000
385.0000
3267.0000
1548.0000
2873.0000
1739.0000
192.0000
2278.0000
1448.0000
2768.0000
1301.0000
3265.0000
2146.0000
2380.0000
2596.0000
857.0000
1516.0000
552.0000
