#n = 15
2204.0000
483.0000
54.0000
2978.0000
261.0000
465.0000
1970.0000
1225.0000
2332.0000
2489.0000
192.0000
2332.0000
1579.0000
1784.0000
2037.0000
2920.0000
54.0000
515.0000
207.0000
465.0000
3629.0000
502.0000
2162.0000
2146.0000
1134.0000
2539.0000
1784.0000
1351.0000
50.0000
382.0000
3629.0000
3629.0000
887.0000
1194.0000
1579.0000
2621.0000
2772.0000
669.0000
2227.0000
2495.0000
2278.0000
465.0000
1966.0000
2442.0000
489.0000
1970.0000
2131.0000
1940.0000
2797.0000
2006.0000
2675.0000
2113.0000
2227.0000
552.0000
3629.0000
364.0000
2305.0000
2491.0000
2235.0000
1033.0000
3579.0000
2354.0000
3575.0000
1777.0000
3164.0000
241.0000
3528.0000
1083.0000
1140.0000
3579.0000
832.0000
2867.0000
3437.0000
3338.0000
1659.0000
50.0000
1467.0000
756.0000
3237.0000
1659.0000
1351.0000
2305.0000
362.0000
2081.0000
832.0000
810.0000
3629.0000
1659.0000
954.0000
192.0000
665.0000
3114.0000
1297.0000
3368.0000
3532.0000
2713.0000
3146.0000
2380.0000
3368.0000
2235.0000
3629.0000
1008.0000
3443.0000
2227.0000
1483.0000
2768.0000
502.0000
2539.0000
2524.0000
50.0000
2404.0000
3629.0000
261.0000
440.0000
465.0000
2524.0000
2131.0000
3629.0000
1940.0000
2621.0000
392.0000
1402.0000
2768.0000
2044.0000
97.0000
3629.0000
2404.0000
1301.0000
465.0000
2621.0000
1852.0000
3215.0000
414.0000
1498.0000
1987.0000
2782.0000
2230.0000
3629.0000
2037.0000
2819.0000
3629.0000
3368.0000
2920.0000
1033.0000
1448.0000
3267.0000
1275.0000
1194.0000
2050.0000
3215.0000
414.0000
1663.0000
2621.0000
1516.0000
2006.0000
1940.0000
101.0000
3629.0000
568.0000
552.0000
1017.0000
552.0000
646.0000
3629.0000
2924.0000
3114.0000
3061.0000
1225.0000
897.0000
1297.0000
1090.0000
3247.0000
2235.0000
646.0000
502.0000
802.0000
3579.0000
3267.0000
897.0000
897.0000
709.0000
3388.0000
2692.0000
3629.0000
440.0000
515.0000
54.0000
502.0000
1522.0000
810.0000
3061.0000
1194.0000
1689.0000
832.0000
2050.0000
3629.0000
954.0000
2332.0000
756.0000
1187.0000
3356.0000
747.0000
937.0000
1297.0000
3528.0000
3338.0000
2867.0000
2524.0000
916.0000
1043.0000
2230.0000
2586.0000
954.0000
2612.0000
3265.0000
1425.0000
916.0000
192.0000
3629.0000
1083.0000
2924.0000
2539.0000
2251.0000
2873.0000
3629.0000
