#n = 13
1096.0000
955.0000
2830.0000
2630.0000
2447.0000
1934.0000
2346.0000
979.0000
2084.0000
2851.0000
297.0000
1934.0000
116.0000
242.0000
2637.0000
976.0000
101.0000
1814.0000
2072.0000
2613.0000
1549.0000
2316.0000
1252.0000
101.0000
2851.0000
242.0000
1633.0000
674.0000
658.0000
976.0000
1393.0000
1137.0000
1549.0000
955.0000
2447.0000
1361.0000
1336.0000
80.0000
1714.0000
2910.0000
1094.0000
643.0000
1361.0000
2252.0000
2267.0000
1633.0000
564.0000
797.0000
2668.0000
1096.0000
2552.0000
2388.0000
1633.0000
682.0000
594.0000
2910.0000
2113.0000
976.0000
2910.0000
1574.0000
116.0000
2447.0000
139.0000
363.0000
1578.0000
1252.0000
885.0000
2771.0000
2851.0000
564.0000
1814.0000
1238.0000
2910.0000
1672.0000
1137.0000
2746.0000
2525.0000
679.0000
875.0000
2910.0000
297.0000
1517.0000
101.0000
1920.0000
623.0000
2648.0000
2525.0000
2668.0000
1094.0000
838.0000
1393.0000
1517.0000
594.0000
1035.0000
2084.0000
2267.0000
2910.0000
2113.0000
2910.0000
2771.0000
2910.0000
2525.0000
363.0000
2383.0000
2557.0000
2746.0000
2035.0000
2337.0000
2910.0000
1690.0000
2910.0000
1578.0000
2552.0000
2025.0000
602.0000
1549.0000
602.0000
1137.0000
2217.0000
2447.0000
2910.0000
1094.0000
265.0000
738.0000
1220.0000
674.0000
679.0000
139.0000
1332.0000
2199.0000
2308.0000
2645.0000
2207.0000
1930.0000
1633.0000
1672.0000
965.0000
299.0000
1672.0000
297.0000
2025.0000
2910.0000
1658.0000
242.0000
1276.0000
2315.0000
2383.0000
2910.0000
2207.0000
80.0000
573.0000
643.0000
2648.0000
797.0000
139.0000
463.0000
2525.0000
2199.0000
1056.0000
693.0000
2228.0000
979.0000
1773.0000
1634.0000
1816.0000
2910.0000
838.0000
412.0000
1931.0000
