#n = 15
54.0000
1843.0000
3114.0000
2044.0000
1140.0000
2797.0000
101.0000
1592.0000
343.0000
502.0000
3629.0000
2586.0000
465.0000
2983.0000
2772.0000
1402.0000
3284.0000
861.0000
2050.0000
101.0000
857.0000
756.0000
3629.0000
2964.0000
2713.0000
2442.0000
440.0000
1187.0000
3265.0000
2404.0000
186.0000
414.0000
2204.0000
937.0000
2978.0000
3189.0000
2489.0000
3077.0000
465.0000
1394.0000
3443.0000
3629.0000
364.0000
1483.0000
3629.0000
2596.0000
2882.0000
465.0000
3265.0000
2332.0000
2235.0000
2539.0000
832.0000
2797.0000
1966.0000
502.0000
1275.0000
241.0000
1033.0000
2328.0000
3265.0000
1789.0000
2305.0000
465.0000
669.0000
2305.0000
2204.0000
2692.0000
2489.0000
916.0000
802.0000
1516.0000
2978.0000
1192.0000
2227.0000
1786.0000
2596.0000
3265.0000
1192.0000
382.0000
3127.0000
2974.0000
1522.0000
1689.0000
762.0000
1008.0000
273.0000
705.0000
273.0000
3629.0000
3189.0000
1970.0000
861.0000
3164.0000
2692.0000
3146.0000
3629.0000
2230.0000
651.0000
364.0000
1378.0000
1297.0000
2596.0000
3579.0000
756.0000
651.0000
954.0000
1448.0000
2621.0000
665.0000
3629.0000
2278.0000
2546.0000
2380.0000
364.0000
2974.0000
1194.0000
760.0000
552.0000
2107.0000
1585.0000
1789.0000
1890.0000
2960.0000
1498.0000
50.0000
295.0000
2621.0000
2827.0000
1194.0000
1570.0000
2330.0000
2797.0000
2983.0000
2006.0000
1033.0000
101.0000
1105.0000
2332.0000
3629.0000
3629.0000
2107.0000
440.0000
414.0000
3251.0000
1764.0000
2867.0000
1843.0000
916.0000
3629.0000
1448.0000
1297.0000
1789.0000
101.0000
760.0000
1784.0000
2404.0000
552.0000
2037.0000
515.0000
847.0000
3368.0000
3388.0000
646.0000
897.0000
1140.0000
3061.0000
1516.0000
1642.0000
101.0000
362.0000
3437.0000
2330.0000
3579.0000
2204.0000
847.0000
760.0000
1033.0000
3575.0000
1579.0000
1324.0000
1987.0000
2044.0000
2978.0000
669.0000
291.0000
1483.0000
3629.0000
1843.0000
2278.0000
2305.0000
2742.0000
3251.0000
1140.0000
2437.0000
1585.0000
385.0000
2081.0000
2772.0000
2278.0000
3368.0000
1394.0000
2974.0000
3437.0000
2113.0000
760.0000
1585.0000
2772.0000
916.0000
2692.0000
3244.0000
2867.0000
1275.0000
756.0000
2546.0000
2612.0000
810.0000
483.0000
273.0000
2332.0000
1297.0000
2227.0000
2204.0000
887.0000
1467.0000
