#n = 9
2053.0000
1351.0000
1611.0000
1630.0000
788.0000
1324.0000
1378.0000
329.0000
1297.0000
1377.0000
2053.0000
442.0000
1665.0000
1611.0000
364.0000
1121.0000
1324.0000
788.0000
1611.0000
388.0000
788.0000
2053.0000
729.0000
986.0000
284.0000
450.0000
675.0000
2053.0000
1179.0000
1378.0000
1490.0000
1509.0000
1629.0000
1914.0000
1661.0000
756.0000
442.0000
1932.0000
2053.0000
1490.0000
139.0000
874.0000
1121.0000
450.0000
1544.0000
676.0000
1742.0000
1179.0000
424.0000
729.0000
729.0000
1914.0000
1300.0000
874.0000
702.0000
1324.0000
1544.0000
1378.0000
1067.0000
1742.0000
1544.0000
874.0000
1490.0000
1932.0000
1509.0000
1377.0000
2053.0000
450.0000
260.0000
563.0000
139.0000
1377.0000
1377.0000
563.0000
1630.0000
676.0000
1630.0000
1377.0000
1994.0000
563.0000
675.0000
