#n = 11
1768.0000
2228.0000
772.0000
1633.0000
430.0000
1670.0000
361.0000
936.0000
594.0000
725.0000
1456.0000
2155.0000
1189.0000
1376.0000
1721.0000
2031.0000
2392.0000
1440.0000
380.0000
2392.0000
364.0000
1790.0000
952.0000
2012.0000
2155.0000
962.0000
430.0000
1620.0000
2312.0000
2228.0000
1196.0000
1554.0000
1203.0000
1557.0000
164.0000
237.0000
621.0000
2392.0000
1798.0000
1531.0000
2132.0000
952.0000
1396.0000
602.0000
422.0000
1430.0000
544.0000
595.0000
722.0000
624.0000
802.0000
621.0000
80.0000
361.0000
2392.0000
572.0000
342.0000
2155.0000
2392.0000
2392.0000
781.0000
361.0000
835.0000
1962.0000
2031.0000
101.0000
835.0000
1721.0000
962.0000
2392.0000
594.0000
2312.0000
966.0000
725.0000
1790.0000
1098.0000
1360.0000
2312.0000
2034.0000
2212.0000
544.0000
430.0000
1590.0000
474.0000
1018.0000
164.0000
2392.0000
2392.0000
1670.0000
936.0000
2312.0000
2031.0000
1670.0000
422.0000
962.0000
2392.0000
474.0000
1376.0000
2392.0000
1557.0000
2151.0000
430.0000
214.0000
809.0000
722.0000
936.0000
725.0000
2034.0000
50.0000
2312.0000
422.0000
2392.0000
2155.0000
2392.0000
572.0000
952.0000
1918.0000
1554.0000
181.0000
602.0000
1554.0000
