#n = 9
2018.0000
863.0000
1994.0000
1934.0000
744.0000
979.0000
744.0000
362.0000
421.0000
2081.0000
1211.0000
2250.0000
769.0000
1520.0000
2376.0000
2376.0000
126.0000
2081.0000
84.0000
653.0000
1361.0000
358.0000
382.0000
2376.0000
2250.0000
1955.0000
295.0000
657.0000
2166.0000
737.0000
2376.0000
2166.0000
358.0000
1639.0000
1994.0000
382.0000
1361.0000
1513.0000
1902.0000
1871.0000
1151.0000
2376.0000
1607.0000
856.0000
1994.0000
1871.0000
2018.0000
421.0000
421.0000
1871.0000
2376.0000
126.0000
382.0000
442.0000
295.0000
1513.0000
126.0000
2376.0000
1868.0000
1481.0000
568.0000
2081.0000
1632.0000
1520.0000
126.0000
1871.0000
358.0000
2081.0000
474.0000
1868.0000
1955.0000
1719.0000
737.0000
769.0000
2292.0000
1218.0000
2014.0000
2376.0000
1607.0000
856.0000
2376.0000
