#n = 15
2827.0000
3037.0000
1043.0000
2328.0000
465.0000
2437.0000
1297.0000
2227.0000
2330.0000
2404.0000
651.0000
1105.0000
3422.0000
2332.0000
1033.0000
1017.0000
1297.0000
592.0000
1297.0000
1663.0000
760.0000
295.0000
207.0000
3629.0000
1663.0000
2596.0000
3629.0000
483.0000
887.0000
2437.0000
3629.0000
502.0000
1192.0000
3244.0000
3215.0000
465.0000
465.0000
2404.0000
705.0000
502.0000
2162.0000
3114.0000
3422.0000
756.0000
1890.0000
1192.0000
1970.0000
1890.0000
2692.0000
2586.0000
3127.0000
2983.0000
705.0000
1467.0000
2330.0000
1448.0000
3164.0000
857.0000
2882.0000
1789.0000
2006.0000
3579.0000
3629.0000
651.0000
515.0000
3629.0000
857.0000
2354.0000
3422.0000
2404.0000
1194.0000
3579.0000
1592.0000
483.0000
378.0000
2692.0000
1249.0000
665.0000
2044.0000
3286.0000
291.0000
2675.0000
1843.0000
3629.0000
1987.0000
1940.0000
1249.0000
2612.0000
2974.0000
1890.0000
2964.0000
1498.0000
3251.0000
1642.0000
3140.0000
3629.0000
2107.0000
3215.0000
709.0000
385.0000
2524.0000
3629.0000
1138.0000
1351.0000
1764.0000
1987.0000
3356.0000
1105.0000
3215.0000
847.0000
1852.0000
2113.0000
1585.0000
1033.0000
1043.0000
414.0000
655.0000
502.0000
414.0000
1297.0000
592.0000
3575.0000
1033.0000
440.0000
3140.0000
3629.0000
1642.0000
2782.0000
2797.0000
2330.0000
489.0000
3575.0000
3629.0000
1008.0000
3251.0000
2873.0000
3127.0000
1498.0000
887.0000
382.0000
1249.0000
552.0000
3528.0000
1786.0000
101.0000
3140.0000
2278.0000
1570.0000
2596.0000
1448.0000
2586.0000
2539.0000
3140.0000
1526.0000
1689.0000
3629.0000
3629.0000
3265.0000
3037.0000
3575.0000
2230.0000
2278.0000
2782.0000
592.0000
2978.0000
2612.0000
2059.0000
1134.0000
2227.0000
1784.0000
2742.0000
2869.0000
1498.0000
832.0000
1987.0000
3284.0000
568.0000
760.0000
1090.0000
2328.0000
3244.0000
2235.0000
2278.0000
385.0000
207.0000
362.0000
1852.0000
2204.0000
2869.0000
1764.0000
515.0000
1275.0000
2732.0000
2819.0000
1225.0000
592.0000
3579.0000
3237.0000
3284.0000
3368.0000
2964.0000
2964.0000
1033.0000
1324.0000
1378.0000
392.0000
646.0000
1865.0000
3368.0000
2380.0000
3629.0000
483.0000
1351.0000
1134.0000
192.0000
2081.0000
3251.0000
1548.0000
1526.0000
1585.0000
343.0000
1301.0000
802.0000
1623.0000
483.0000
