#n = 19
1315.0000
2238.0000
4262.0000
2367.0000
2760.0000
4403.0000
3716.0000
4688.0000
557.0000
2389.0000
4295.0000
1789.0000
3356.0000
4294.0000
3936.0000
889.0000
4591.0000
3044.0000
4688.0000
3261.0000
4688.0000
3419.0000
2270.0000
4303.0000
2651.0000
3998.0000
1695.0000
4688.0000
4137.0000
1634.0000
972.0000
2651.0000
889.0000
97.0000
2037.0000
4688.0000
2650.0000
4688.0000
1271.0000
4295.0000
922.0000
1844.0000
4033.0000
1398.0000
2165.0000
1537.0000
2974.0000
4500.0000
2037.0000
2092.0000
4591.0000
3339.0000
1174.0000
4377.0000
2693.0000
2600.0000
1476.0000
2263.0000
2645.0000
4289.0000
2450.0000
4500.0000
4074.0000
1329.0000
1232.0000
2596.0000
1144.0000
2229.0000
2645.0000
2650.0000
3896.0000
456.0000
3763.0000
2650.0000
1614.0000
1446.0000
490.0000
1617.0000
3806.0000
1366.0000
2977.0000
2263.0000
3284.0000
3111.0000
4359.0000
3044.0000
1315.0000
4403.0000
3387.0000
1113.0000
3151.0000
1154.0000
714.0000
2963.0000
4359.0000
2321.0000
1537.0000
2974.0000
3812.0000
1598.0000
2229.0000
1147.0000
690.0000
2038.0000
1271.0000
3799.0000
1709.0000
3044.0000
3210.0000
1476.0000
3090.0000
2165.0000
2141.0000
4500.0000
2520.0000
1573.0000
3766.0000
752.0000
4593.0000
1315.0000
2165.0000
3115.0000
2651.0000
3732.0000
2389.0000
3054.0000
2977.0000
4248.0000
3417.0000
3966.0000
1941.0000
1349.0000
329.0000
787.0000
4033.0000
655.0000
792.0000
1052.0000
640.0000
745.0000
2088.0000
2592.0000
1398.0000
2367.0000
1977.0000
1644.0000
3732.0000
640.0000
3044.0000
3806.0000
482.0000
1218.0000
2229.0000
4608.0000
1927.0000
537.0000
3951.0000
1806.0000
3242.0000
2010.0000
3806.0000
690.0000
490.0000
268.0000
4688.0000
3863.0000
2389.0000
2107.0000
2389.0000
1955.0000
2647.0000
482.0000
4591.0000
2974.0000
1537.0000
311.0000
1941.0000
3951.0000
614.0000
2581.0000
614.0000
2191.0000
385.0000
4289.0000
4688.0000
882.0000
1941.0000
3359.0000
3373.0000
477.0000
2520.0000
3090.0000
714.0000
2913.0000
3210.0000
1232.0000
3799.0000
640.0000
690.0000
745.0000
3187.0000
3943.0000
1022.0000
4688.0000
811.0000
3901.0000
3212.0000
1614.0000
811.0000
1695.0000
1355.0000
2651.0000
2866.0000
1806.0000
4206.0000
2818.0000
4391.0000
2678.0000
781.0000
752.0000
4312.0000
2270.0000
2882.0000
722.0000
3339.0000
3666.0000
745.0000
1319.0000
2678.0000
1858.0000
1666.0000
2271.0000
3575.0000
3115.0000
3654.0000
4232.0000
3994.0000
2262.0000
1381.0000
825.0000
723.0000
4688.0000
2882.0000
2645.0000
4359.0000
363.0000
3210.0000
551.0000
2747.0000
876.0000
4033.0000
2252.0000
3863.0000
4377.0000
1577.0000
4551.0000
473.0000
456.0000
285.0000
3534.0000
1666.0000
4295.0000
3322.0000
1144.0000
4593.0000
490.0000
1022.0000
3290.0000
4688.0000
97.0000
833.0000
2262.0000
3763.0000
2788.0000
3333.0000
4500.0000
4303.0000
3074.0000
4295.0000
972.0000
1709.0000
1052.0000
4688.0000
3187.0000
4359.0000
2976.0000
80.0000
4137.0000
1271.0000
4359.0000
2596.0000
882.0000
1598.0000
4092.0000
3181.0000
1644.0000
2450.0000
426.0000
3187.0000
889.0000
4688.0000
1529.0000
3593.0000
3669.0000
1446.0000
2165.0000
2271.0000
4608.0000
2257.0000
2041.0000
3437.0000
4359.0000
440.0000
3373.0000
2844.0000
2979.0000
3904.0000
3212.0000
2165.0000
1366.0000
2425.0000
1022.0000
385.0000
690.0000
3974.0000
2262.0000
2974.0000
2788.0000
2299.0000
825.0000
3572.0000
1116.0000
4248.0000
1870.0000
3115.0000
2426.0000
3141.0000
876.0000
2107.0000
3115.0000
3373.0000
4426.0000
1709.0000
1147.0000
1113.0000
1355.0000
2979.0000
4294.0000
188.0000
1577.0000
2010.0000
2761.0000
4345.0000
787.0000
2252.0000
1529.0000
2747.0000
1725.0000
4303.0000
1714.0000
3904.0000
