#n = 10
2477.0000
2024.0000
295.0000
354.0000
2772.0000
121.0000
1457.0000
1457.0000
1372.0000
1701.0000
723.0000
121.0000
1839.0000
2010.0000
1020.0000
2772.0000
602.0000
2772.0000
1400.0000
691.0000
624.0000
933.0000
1408.0000
1077.0000
1408.0000
309.0000
1374.0000
2772.0000
1287.0000
1673.0000
1673.0000
2772.0000
2443.0000
2651.0000
329.0000
2772.0000
2089.0000
1794.0000
978.0000
982.0000
982.0000
2049.0000
2392.0000
2418.0000
2081.0000
273.0000
1077.0000
689.0000
2713.0000
329.0000
121.0000
1364.0000
1400.0000
1794.0000
295.0000
933.0000
1485.0000
1103.0000
1020.0000
475.0000
638.0000
1374.0000
2418.0000
1669.0000
1752.0000
2378.0000
1794.0000
748.0000
1099.0000
2297.0000
770.0000
2392.0000
2463.0000
2392.0000
382.0000
1398.0000
2170.0000
2083.0000
382.0000
2123.0000
2418.0000
982.0000
748.0000
1043.0000
2443.0000
1364.0000
309.0000
624.0000
2463.0000
1780.0000
2477.0000
709.0000
2148.0000
2002.0000
1752.0000
1077.0000
1071.0000
380.0000
2772.0000
2297.0000
