#n = 18
3097.0000
2024.0000
1831.0000
2998.0000
2048.0000
3832.0000
3667.0000
627.0000
1818.0000
3452.0000
627.0000
2266.0000
1705.0000
1281.0000
238.0000
955.0000
3978.0000
569.0000
1687.0000
4287.0000
2926.0000
3074.0000
809.0000
4003.0000
3268.0000
636.0000
952.0000
455.0000
1927.0000
4287.0000
2875.0000
3718.0000
3424.0000
4233.0000
2758.0000
3651.0000
2264.0000
3186.0000
3236.0000
2820.0000
4287.0000
2239.0000
2263.0000
1719.0000
1955.0000
1238.0000
2239.0000
3330.0000
3147.0000
3710.0000
863.0000
1101.0000
3147.0000
2591.0000
4287.0000
3147.0000
4287.0000
3495.0000
2714.0000
2332.0000
904.0000
1123.0000
781.0000
783.0000
1428.0000
2640.0000
636.0000
2145.0000
801.0000
3520.0000
1401.0000
593.0000
1923.0000
316.0000
3186.0000
2028.0000
3925.0000
3925.0000
2582.0000
2644.0000
3335.0000
2048.0000
863.0000
1685.0000
2142.0000
2469.0000
3733.0000
1858.0000
3067.0000
1719.0000
636.0000
2378.0000
2593.0000
1428.0000
3787.0000
4287.0000
2477.0000
1687.0000
2076.0000
1531.0000
3790.0000
3718.0000
4287.0000
1458.0000
2231.0000
2523.0000
483.0000
1247.0000
807.0000
1190.0000
1376.0000
690.0000
809.0000
4287.0000
3504.0000
1767.0000
1565.0000
4287.0000
4287.0000
2102.0000
3660.0000
1573.0000
3971.0000
3383.0000
2048.0000
2640.0000
3020.0000
4287.0000
569.0000
2602.0000
4099.0000
2644.0000
1126.0000
2231.0000
2523.0000
405.0000
1126.0000
4003.0000
4233.0000
1719.0000
3330.0000
4287.0000
3147.0000
3074.0000
3332.0000
2147.0000
2028.0000
2477.0000
3147.0000
3020.0000
1069.0000
835.0000
4287.0000
1220.0000
2617.0000
54.0000
627.0000
2788.0000
1123.0000
2520.0000
2263.0000
2231.0000
4287.0000
4233.0000
2886.0000
1694.0000
2952.0000
4287.0000
4287.0000
1833.0000
2694.0000
2722.0000
2625.0000
1670.0000
666.0000
1662.0000
2952.0000
2263.0000
952.0000
2048.0000
2185.0000
3452.0000
4287.0000
3074.0000
2911.0000
3218.0000
801.0000
3424.0000
1256.0000
3383.0000
3099.0000
2568.0000
1051.0000
2147.0000
997.0000
405.0000
2378.0000
1525.0000
3787.0000
4287.0000
1833.0000
3881.0000
1739.0000
3520.0000
3804.0000
2023.0000
2568.0000
4166.0000
2886.0000
4287.0000
3332.0000
3049.0000
499.0000
316.0000
1458.0000
3523.0000
3971.0000
786.0000
497.0000
2648.0000
3694.0000
492.0000
3023.0000
3164.0000
3097.0000
666.0000
1643.0000
1696.0000
3501.0000
3218.0000
786.0000
1144.0000
1092.0000
2568.0000
898.0000
3832.0000
492.0000
1247.0000
1019.0000
861.0000
1456.0000
1955.0000
284.0000
3667.0000
4287.0000
554.0000
1264.0000
1213.0000
792.0000
1927.0000
2758.0000
2928.0000
1831.0000
1401.0000
1971.0000
1213.0000
268.0000
547.0000
1687.0000
1051.0000
3424.0000
1670.0000
2952.0000
3832.0000
3099.0000
2714.0000
2364.0000
955.0000
1764.0000
4287.0000
1687.0000
238.0000
3097.0000
1694.0000
497.0000
3501.0000
2520.0000
3164.0000
2788.0000
3815.0000
2056.0000
4287.0000
171.0000
1639.0000
1531.0000
3312.0000
1955.0000
4287.0000
3804.0000
2364.0000
1256.0000
2142.0000
2591.0000
952.0000
3074.0000
2239.0000
497.0000
3978.0000
792.0000
2714.0000
3426.0000
54.0000
1144.0000
362.0000
2875.0000
4019.0000
2266.0000
2932.0000
2021.0000
3312.0000
1140.0000
809.0000
3978.0000
764.0000
292.0000
3978.0000
3832.0000
801.0000
3040.0000
4287.0000
2140.0000
2142.0000
767.0000
2195.0000
