#n = 10
1794.0000
2484.0000
2254.0000
2122.0000
1557.0000
2252.0000
501.0000
701.0000
779.0000
1063.0000
1557.0000
362.0000
633.0000
1143.0000
1523.0000
84.0000
358.0000
599.0000
558.0000
738.0000
785.0000
979.0000
979.0000
1523.0000
2616.0000
1655.0000
501.0000
241.0000
961.0000
1165.0000
1425.0000
2616.0000
1102.0000
501.0000
278.0000
1165.0000
1473.0000
1236.0000
84.0000
2616.0000
2616.0000
1974.0000
2375.0000
779.0000
1705.0000
2115.0000
2532.0000
558.0000
701.0000
1059.0000
1102.0000
1872.0000
2616.0000
1343.0000
1102.0000
1655.0000
1621.0000
1093.0000
1705.0000
1473.0000
744.0000
1837.0000
2616.0000
278.0000
84.0000
2126.0000
1063.0000
278.0000
1878.0000
2336.0000
1621.0000
911.0000
1236.0000
603.0000
1881.0000
1553.0000
2122.0000
2616.0000
2616.0000
2126.0000
84.0000
2252.0000
1915.0000
1621.0000
421.0000
1143.0000
1974.0000
995.0000
1621.0000
2122.0000
2258.0000
241.0000
1236.0000
2195.0000
1380.0000
2126.0000
364.0000
1837.0000
2616.0000
1022.0000
