#n = 12
3028.0000
1920.0000
2518.0000
1099.0000
1820.0000
1500.0000
1179.0000
779.0000
1177.0000
2012.0000
2717.0000
1177.0000
237.0000
2005.0000
2200.0000
1291.0000
311.0000
2599.0000
311.0000
2243.0000
2055.0000
1099.0000
463.0000
477.0000
2511.0000
2249.0000
323.0000
2717.0000
1291.0000
828.0000
752.0000
2055.0000
1683.0000
2359.0000
1538.0000
2243.0000
3028.0000
429.0000
1500.0000
2565.0000
2200.0000
622.0000
1345.0000
1538.0000
510.0000
2003.0000
703.0000
1025.0000
271.0000
2636.0000
2599.0000
1215.0000
2468.0000
2406.0000
2717.0000
2249.0000
1920.0000
1014.0000
1479.0000
2003.0000
2432.0000
1849.0000
1920.0000
906.0000
2124.0000
2055.0000
2717.0000
2014.0000
703.0000
3028.0000
1227.0000
2243.0000
517.0000
1291.0000
3028.0000
2705.0000
2699.0000
1801.0000
2124.0000
2012.0000
429.0000
2511.0000
1549.0000
3028.0000
1016.0000
1851.0000
1799.0000
2791.0000
2193.0000
980.0000
2978.0000
2124.0000
2699.0000
2243.0000
510.0000
1920.0000
2845.0000
1808.0000
622.0000
596.0000
3028.0000
271.0000
1227.0000
1220.0000
2822.0000
1801.0000
1685.0000
1811.0000
2551.0000
1490.0000
2717.0000
2599.0000
1549.0000
3028.0000
2516.0000
2014.0000
669.0000
2122.0000
702.0000
3028.0000
2249.0000
2699.0000
1208.0000
1849.0000
1023.0000
3028.0000
2193.0000
1343.0000
2328.0000
1215.0000
1808.0000
3028.0000
1208.0000
2307.0000
1217.0000
323.0000
622.0000
700.0000
456.0000
3028.0000
1685.0000
1491.0000
1549.0000
2240.0000
