#n = 19
2389.0000
4198.0000
4688.0000
4688.0000
1381.0000
661.0000
1095.0000
2168.0000
1095.0000
3994.0000
4215.0000
745.0000
97.0000
363.0000
3755.0000
1927.0000
376.0000
1116.0000
3373.0000
2858.0000
4262.0000
4688.0000
1614.0000
473.0000
3593.0000
3618.0000
4294.0000
933.0000
1955.0000
4688.0000
3534.0000
473.0000
188.0000
3307.0000
1116.0000
3054.0000
4312.0000
889.0000
4688.0000
4420.0000
1107.0000
972.0000
3896.0000
1232.0000
3806.0000
1271.0000
3090.0000
343.0000
2747.0000
4688.0000
787.0000
440.0000
3974.0000
311.0000
3071.0000
4137.0000
1906.0000
3799.0000
889.0000
1332.0000
3755.0000
825.0000
2747.0000
4169.0000
2191.0000
4169.0000
3806.0000
1941.0000
1204.0000
2913.0000
3544.0000
1806.0000
1928.0000
2074.0000
2436.0000
2238.0000
519.0000
1927.0000
4591.0000
1644.0000
4688.0000
382.0000
1617.0000
4688.0000
4688.0000
3387.0000
188.0000
1614.0000
2321.0000
1955.0000
1144.0000
4608.0000
1725.0000
3901.0000
1977.0000
3716.0000
723.0000
1349.0000
4232.0000
876.0000
1144.0000
1381.0000
394.0000
596.0000
4151.0000
3044.0000
3947.0000
3965.0000
3387.0000
329.0000
1349.0000
4131.0000
4215.0000
3307.0000
3470.0000
3333.0000
2647.0000
3766.0000
722.0000
2761.0000
4131.0000
3766.0000
1955.0000
2647.0000
787.0000
925.0000
4294.0000
477.0000
97.0000
836.0000
329.0000
2041.0000
922.0000
2993.0000
1107.0000
393.0000
2459.0000
3636.0000
3307.0000
329.0000
3896.0000
4306.0000
311.0000
376.0000
1251.0000
2651.0000
4688.0000
3994.0000
4232.0000
3044.0000
1644.0000
329.0000
4688.0000
2074.0000
1107.0000
2899.0000
2979.0000
1995.0000
1941.0000
1900.0000
4359.0000
1941.0000
285.0000
2581.0000
490.0000
2747.0000
1107.0000
784.0000
752.0000
3755.0000
4688.0000
426.0000
4591.0000
3322.0000
3593.0000
3581.0000
285.0000
4608.0000
4211.0000
882.0000
2974.0000
1381.0000
188.0000
3936.0000
376.0000
2711.0000
456.0000
4688.0000
690.0000
440.0000
2191.0000
2899.0000
4295.0000
4262.0000
80.0000
4688.0000
2974.0000
3044.0000
2088.0000
2010.0000
4688.0000
1022.0000
343.0000
2913.0000
1870.0000
1174.0000
482.0000
2096.0000
3947.0000
2979.0000
972.0000
4608.0000
3187.0000
4688.0000
1144.0000
1154.0000
1955.0000
3581.0000
329.0000
4688.0000
2497.0000
1446.0000
3572.0000
2693.0000
2418.0000
2168.0000
343.0000
1598.0000
1192.0000
1955.0000
4377.0000
4312.0000
2651.0000
2899.0000
3141.0000
4688.0000
4688.0000
2979.0000
2600.0000
4294.0000
343.0000
3514.0000
2547.0000
722.0000
311.0000
1034.0000
4151.0000
4248.0000
3974.0000
2041.0000
2600.0000
1644.0000
3071.0000
2802.0000
4688.0000
4137.0000
3581.0000
4688.0000
2367.0000
1614.0000
97.0000
3071.0000
3470.0000
4591.0000
3755.0000
80.0000
784.0000
925.0000
456.0000
4500.0000
4688.0000
1712.0000
2431.0000
1644.0000
3071.0000
2010.0000
3470.0000
3373.0000
3904.0000
97.0000
1476.0000
1251.0000
4048.0000
1501.0000
2963.0000
1789.0000
2229.0000
3974.0000
3799.0000
1507.0000
394.0000
80.0000
4092.0000
876.0000
4303.0000
1695.0000
1116.0000
557.0000
694.0000
3863.0000
440.0000
2263.0000
1232.0000
1941.0000
2074.0000
2321.0000
1529.0000
694.0000
3618.0000
2830.0000
3581.0000
4248.0000
4151.0000
2788.0000
3210.0000
811.0000
3998.0000
1232.0000
2818.0000
1537.0000
3478.0000
2647.0000
2459.0000
2977.0000
537.0000
2761.0000
4688.0000
3514.0000
690.0000
876.0000
4688.0000
1144.0000
3054.0000
1756.0000
3907.0000
188.0000
4688.0000
2092.0000
1315.0000
2263.0000
2830.0000
311.0000
2650.0000
80.0000
2141.0000
2979.0000
1644.0000
3618.0000
2547.0000
1095.0000
4092.0000
188.0000
3763.0000
4688.0000
4137.0000
4391.0000
3732.0000
2761.0000
2802.0000
2977.0000
1775.0000
