#n = 16
3746.0000
2913.0000
2193.0000
3578.0000
1711.0000
3103.0000
3120.0000
1156.0000
3841.0000
2009.0000
358.0000
2947.0000
3276.0000
2575.0000
3544.0000
457.0000
1285.0000
2104.0000
3729.0000
3579.0000
2148.0000
1191.0000
2361.0000
2069.0000
1290.0000
3008.0000
3634.0000
894.0000
2814.0000
600.0000
3221.0000
833.0000
1480.0000
764.0000
2730.0000
1647.0000
3761.0000
3276.0000
1693.0000
1910.0000
2392.0000
541.0000
904.0000
1886.0000
2758.0000
2818.0000
457.0000
3359.0000
2009.0000
2312.0000
2730.0000
908.0000
3578.0000
3841.0000
1266.0000
1777.0000
1693.0000
764.0000
2164.0000
3176.0000
3579.0000
1480.0000
1772.0000
2520.0000
207.0000
1266.0000
3557.0000
2313.0000
1832.0000
1677.0000
1647.0000
2069.0000
1485.0000
2009.0000
1955.0000
1860.0000
2849.0000
715.0000
2842.0000
164.0000
1528.0000
2218.0000
2193.0000
3217.0000
3557.0000
3841.0000
1236.0000
1886.0000
2596.0000
2551.0000
626.0000
80.0000
2933.0000
3126.0000
2408.0000
95.0000
1528.0000
441.0000
3841.0000
1677.0000
80.0000
3841.0000
392.0000
3841.0000
3087.0000
1122.0000
2575.0000
3841.0000
3276.0000
2361.0000
427.0000
2937.0000
3241.0000
3841.0000
2605.0000
3217.0000
2937.0000
764.0000
3014.0000
3126.0000
992.0000
1791.0000
1548.0000
2758.0000
2958.0000
2575.0000
665.0000
2842.0000
3841.0000
3439.0000
2596.0000
3634.0000
2480.0000
3746.0000
2758.0000
2099.0000
1791.0000
2456.0000
2671.0000
262.0000
3512.0000
2480.0000
3677.0000
1886.0000
1473.0000
2997.0000
1170.0000
1266.0000
329.0000
2064.0000
362.0000
3400.0000
1083.0000
3746.0000
3761.0000
2913.0000
1886.0000
2069.0000
624.0000
2422.0000
2937.0000
3841.0000
1245.0000
2842.0000
1195.0000
2432.0000
3014.0000
2039.0000
2933.0000
3841.0000
3295.0000
441.0000
262.0000
1433.0000
1647.0000
2555.0000
1791.0000
1647.0000
2408.0000
453.0000
2551.0000
3597.0000
3483.0000
1156.0000
427.0000
358.0000
2432.0000
3008.0000
262.0000
2408.0000
3300.0000
3841.0000
2758.0000
1548.0000
3841.0000
2422.0000
1832.0000
1777.0000
95.0000
3544.0000
95.0000
1528.0000
3634.0000
2009.0000
3578.0000
207.0000
329.0000
1245.0000
2913.0000
3038.0000
3077.0000
3841.0000
3146.0000
2842.0000
3677.0000
2313.0000
2646.0000
3841.0000
2842.0000
453.0000
3544.0000
2730.0000
2148.0000
2596.0000
2401.0000
3746.0000
2902.0000
546.0000
2551.0000
2958.0000
833.0000
1735.0000
546.0000
2218.0000
3579.0000
1528.0000
3103.0000
3384.0000
2913.0000
1742.0000
1361.0000
715.0000
2093.0000
2902.0000
1285.0000
1236.0000
263.0000
992.0000
620.0000
2958.0000
738.0000
624.0000
3220.0000
3841.0000
2814.0000
262.0000
