#n = 13
527.0000
80.0000
1056.0000
682.0000
2383.0000
976.0000
2809.0000
2346.0000
1287.0000
265.0000
1816.0000
1094.0000
381.0000
1854.0000
711.0000
2771.0000
1035.0000
463.0000
527.0000
2199.0000
1252.0000
1930.0000
594.0000
1056.0000
1549.0000
1634.0000
1332.0000
101.0000
990.0000
2113.0000
1633.0000
1287.0000
573.0000
2910.0000
1287.0000
2637.0000
2851.0000
2599.0000
658.0000
2472.0000
1287.0000
1276.0000
2172.0000
1353.0000
273.0000
2525.0000
2910.0000
2217.0000
1094.0000
2557.0000
1934.0000
1934.0000
1260.0000
2388.0000
1930.0000
1773.0000
1945.0000
2236.0000
1633.0000
522.0000
703.0000
643.0000
573.0000
2910.0000
1920.0000
2910.0000
527.0000
382.0000
2727.0000
164.0000
711.0000
1252.0000
797.0000
2383.0000
1096.0000
2910.0000
1650.0000
311.0000
682.0000
2447.0000
2611.0000
2113.0000
1517.0000
2172.0000
262.0000
1578.0000
2830.0000
358.0000
2035.0000
385.0000
80.0000
358.0000
2910.0000
2910.0000
2315.0000
2252.0000
242.0000
1196.0000
80.0000
1056.0000
976.0000
382.0000
262.0000
875.0000
2547.0000
2727.0000
674.0000
2498.0000
1549.0000
522.0000
965.0000
2236.0000
2547.0000
1875.0000
311.0000
1945.0000
2727.0000
2337.0000
2547.0000
2746.0000
2599.0000
2557.0000
1252.0000
2910.0000
2525.0000
1623.0000
2529.0000
1658.0000
2910.0000
2910.0000
838.0000
2727.0000
976.0000
2794.0000
885.0000
976.0000
2645.0000
1361.0000
2025.0000
2910.0000
1672.0000
2910.0000
1035.0000
2316.0000
1931.0000
2588.0000
976.0000
2910.0000
1634.0000
703.0000
297.0000
1035.0000
353.0000
1930.0000
826.0000
1277.0000
2472.0000
59.0000
1934.0000
1332.0000
1287.0000
382.0000
2727.0000
954.0000
80.0000
382.0000
602.0000
322.0000
242.0000
