#n = 12
1645.0000
374.0000
1645.0000
748.0000
924.0000
1628.0000
153.0000
1533.0000
541.0000
984.0000
769.0000
846.0000
1691.0000
867.0000
1628.0000
826.0000
661.0000
1547.0000
1262.0000
1178.0000
1380.0000
1152.0000
611.0000
409.0000
239.0000
769.0000
78.0000
158.0000
242.0000
1631.0000
541.0000
970.0000
1185.0000
285.0000
1789.0000
1789.0000
1789.0000
1478.0000
374.0000
865.0000
1789.0000
153.0000
158.0000
1636.0000
563.0000
1789.0000
285.0000
1657.0000
852.0000
769.0000
1239.0000
1789.0000
922.0000
1657.0000
443.0000
1241.0000
1789.0000
161.0000
527.0000
1006.0000
1202.0000
611.0000
541.0000
1711.0000
132.0000
943.0000
1319.0000
1789.0000
924.0000
1104.0000
1470.0000
1470.0000
1041.0000
285.0000
1090.0000
1020.0000
1080.0000
1478.0000
1789.0000
1648.0000
922.0000
1248.0000
963.0000
1789.0000
1513.0000
1504.0000
984.0000
1726.0000
970.0000
1128.0000
395.0000
144.0000
443.0000
611.0000
1415.0000
98.0000
144.0000
472.0000
587.0000
380.0000
285.0000
721.0000
397.0000
222.0000
1547.0000
1648.0000
1789.0000
1095.0000
256.0000
699.0000
276.0000
1648.0000
826.0000
963.0000
1041.0000
922.0000
563.0000
826.0000
239.0000
380.0000
1645.0000
319.0000
158.0000
472.0000
541.0000
1648.0000
1789.0000
1080.0000
922.0000
1789.0000
826.0000
1631.0000
1789.0000
242.0000
374.0000
709.0000
1470.0000
1068.0000
826.0000
1691.0000
1567.0000
1128.0000
1241.0000
1711.0000
