#n = 11
1440.0000
422.0000
1590.0000
832.0000
2342.0000
164.0000
164.0000
1554.0000
1820.0000
1189.0000
474.0000
1560.0000
1962.0000
2392.0000
364.0000
982.0000
572.0000
1768.0000
962.0000
838.0000
1554.0000
80.0000
241.0000
1346.0000
1540.0000
2392.0000
759.0000
342.0000
1791.0000
422.0000
1376.0000
809.0000
237.0000
572.0000
358.0000
835.0000
474.0000
2392.0000
572.0000
2228.0000
982.0000
2012.0000
1590.0000
2392.0000
2155.0000
1016.0000
1196.0000
422.0000
361.0000
1531.0000
260.0000
1196.0000
237.0000
852.0000
1554.0000
1962.0000
1203.0000
2312.0000
996.0000
572.0000
2050.0000
2392.0000
1531.0000
422.0000
966.0000
1633.0000
2151.0000
430.0000
1193.0000
2211.0000
1376.0000
832.0000
1797.0000
572.0000
2392.0000
1540.0000
1440.0000
1583.0000
1032.0000
1189.0000
181.0000
1018.0000
1018.0000
1440.0000
1583.0000
1820.0000
809.0000
595.0000
422.0000
1410.0000
80.0000
164.0000
1790.0000
671.0000
358.0000
1396.0000
725.0000
1721.0000
2132.0000
1098.0000
781.0000
852.0000
1670.0000
835.0000
214.0000
1374.0000
962.0000
2132.0000
966.0000
2392.0000
2012.0000
572.0000
621.0000
835.0000
725.0000
1046.0000
832.0000
361.0000
595.0000
621.0000
1426.0000
