#n = 13
594.0000
1519.0000
1056.0000
2388.0000
826.0000
2552.0000
1094.0000
1391.0000
1658.0000
1252.0000
2228.0000
2498.0000
280.0000
2910.0000
703.0000
954.0000
2072.0000
602.0000
412.0000
2316.0000
1854.0000
885.0000
116.0000
1690.0000
1578.0000
1658.0000
1814.0000
2316.0000
1816.0000
2557.0000
564.0000
954.0000
1549.0000
693.0000
363.0000
1814.0000
2447.0000
1277.0000
2613.0000
1920.0000
682.0000
1277.0000
2231.0000
2809.0000
2025.0000
2199.0000
1574.0000
2316.0000
2771.0000
2910.0000
2794.0000
322.0000
2910.0000
2207.0000
1920.0000
2910.0000
573.0000
2207.0000
139.0000
1634.0000
1650.0000
2910.0000
1634.0000
139.0000
2315.0000
2910.0000
262.0000
2851.0000
703.0000
658.0000
955.0000
980.0000
1260.0000
2228.0000
1931.0000
527.0000
1094.0000
679.0000
1574.0000
594.0000
1930.0000
2599.0000
955.0000
1096.0000
838.0000
980.0000
2547.0000
838.0000
322.0000
594.0000
358.0000
2910.0000
2648.0000
2084.0000
1094.0000
280.0000
1391.0000
602.0000
1634.0000
955.0000
2528.0000
2217.0000
643.0000
1574.0000
2668.0000
1816.0000
2771.0000
2557.0000
2528.0000
527.0000
273.0000
826.0000
976.0000
322.0000
1094.0000
2547.0000
1393.0000
2072.0000
1252.0000
242.0000
1549.0000
2529.0000
1773.0000
522.0000
2637.0000
564.0000
381.0000
1094.0000
1287.0000
1934.0000
1633.0000
385.0000
1931.0000
1814.0000
1361.0000
1238.0000
1690.0000
1549.0000
322.0000
602.0000
1276.0000
2746.0000
1650.0000
1137.0000
2207.0000
955.0000
2630.0000
242.0000
693.0000
2383.0000
1353.0000
1549.0000
1814.0000
1332.0000
2287.0000
280.0000
1096.0000
2910.0000
1332.0000
2472.0000
1650.0000
965.0000
955.0000
2910.0000
711.0000
1196.0000
595.0000
1096.0000
2447.0000
