#n = 14
2131.0000
475.0000
2015.0000
1791.0000
366.0000
2441.0000
999.0000
2736.0000
686.0000
2441.0000
1358.0000
259.0000
1182.0000
1969.0000
931.0000
2736.0000
1761.0000
1969.0000
2736.0000
2313.0000
311.0000
609.0000
818.0000
1395.0000
1998.0000
688.0000
2228.0000
396.0000
213.0000
2522.0000
101.0000
360.0000
2553.0000
2149.0000
1917.0000
1281.0000
2639.0000
869.0000
1032.0000
767.0000
2736.0000
999.0000
2736.0000
2358.0000
1174.0000
2048.0000
310.0000
736.0000
1753.0000
688.0000
736.0000
1490.0000
1455.0000
1737.0000
1128.0000
2736.0000
1174.0000
2376.0000
1761.0000
1591.0000
2313.0000
2523.0000
2522.0000
2736.0000
2195.0000
705.0000
1552.0000
2425.0000
311.0000
1095.0000
1100.0000
1046.0000
1196.0000
1524.0000
1998.0000
818.0000
1862.0000
2149.0000
1184.0000
2553.0000
1358.0000
2099.0000
2149.0000
2736.0000
2329.0000
183.0000
2522.0000
717.0000
931.0000
2736.0000
508.0000
1246.0000
818.0000
2639.0000
1378.0000
637.0000
736.0000
717.0000
1016.0000
164.0000
1341.0000
2103.0000
1903.0000
1231.0000
2157.0000
147.0000
1505.0000
587.0000
1145.0000
2589.0000
2019.0000
767.0000
1636.0000
1095.0000
738.0000
1554.0000
508.0000
2408.0000
147.0000
983.0000
1229.0000
1358.0000
475.0000
522.0000
2031.0000
1095.0000
717.0000
1669.0000
2465.0000
2408.0000
1562.0000
2635.0000
1046.0000
2019.0000
1554.0000
833.0000
1281.0000
999.0000
2523.0000
2624.0000
1998.0000
637.0000
2370.0000
1562.0000
366.0000
2329.0000
50.0000
2214.0000
475.0000
2127.0000
2228.0000
2527.0000
1338.0000
736.0000
2228.0000
2736.0000
259.0000
633.0000
2374.0000
1704.0000
1554.0000
1046.0000
2131.0000
396.0000
2149.0000
1358.0000
1196.0000
850.0000
1246.0000
1649.0000
2149.0000
2228.0000
2195.0000
2116.0000
819.0000
1341.0000
1608.0000
2686.0000
609.0000
1704.0000
688.0000
2572.0000
717.0000
579.0000
2736.0000
214.0000
2589.0000
2228.0000
2465.0000
2269.0000
508.0000
214.0000
2522.0000
1100.0000
1507.0000
1341.0000
