#n = 18
1214.0000
2332.0000
1826.0000
2102.0000
1582.0000
1309.0000
4041.0000
2815.0000
2486.0000
1171.0000
3077.0000
2949.0000
3380.0000
3390.0000
141.0000
2086.0000
4131.0000
4068.0000
2637.0000
753.0000
970.0000
480.0000
2616.0000
3293.0000
2655.0000
3383.0000
2111.0000
3077.0000
2752.0000
3408.0000
3914.0000
1530.0000
2931.0000
1752.0000
4146.0000
3696.0000
1210.0000
2815.0000
1275.0000
1243.0000
3729.0000
2035.0000
1234.0000
801.0000
3017.0000
1069.0000
3390.0000
1394.0000
3847.0000
916.0000
2900.0000
3336.0000
2517.0000
2763.0000
1560.0000
1761.0000
753.0000
4209.0000
941.0000
2517.0000
3748.0000
2613.0000
3461.0000
1740.0000
808.0000
1170.0000
1377.0000
2815.0000
2486.0000
453.0000
2517.0000
2895.0000
3748.0000
916.0000
1596.0000
2147.0000
141.0000
143.0000
3847.0000
3401.0000
829.0000
2405.0000
4209.0000
1763.0000
3616.0000
1092.0000
3336.0000
3140.0000
1346.0000
921.0000
2997.0000
3847.0000
3784.0000
2062.0000
4209.0000
1233.0000
1191.0000
2174.0000
3847.0000
1192.0000
2383.0000
1048.0000
1206.0000
339.0000
1206.0000
2931.0000
425.0000
3870.0000
3161.0000
1704.0000
530.0000
3863.0000
2470.0000
734.0000
2900.0000
826.0000
808.0000
2291.0000
1907.0000
1622.0000
685.0000
2087.0000
4209.0000
1826.0000
3336.0000
1622.0000
801.0000
2033.0000
63.0000
2147.0000
748.0000
753.0000
1804.0000
730.0000
951.0000
2949.0000
1761.0000
2291.0000
348.0000
812.0000
453.0000
3870.0000
348.0000
845.0000
3508.0000
3729.0000
3018.0000
1763.0000
3891.0000
2637.0000
2445.0000
3334.0000
2457.0000
3729.0000
63.0000
2660.0000
4209.0000
2457.0000
143.0000
3018.0000
3703.0000
2616.0000
2469.0000
941.0000
4068.0000
3524.0000
1763.0000
2815.0000
2999.0000
2511.0000
2035.0000
2446.0000
941.0000
1582.0000
3696.0000
3386.0000
1233.0000
3870.0000
1099.0000
1764.0000
3696.0000
3544.0000
1048.0000
801.0000
4209.0000
3914.0000
2934.0000
3969.0000
829.0000
411.0000
4209.0000
1214.0000
3891.0000
3110.0000
2975.0000
2660.0000
168.0000
3017.0000
4157.0000
3861.0000
2486.0000
2997.0000
453.0000
1048.0000
3914.0000
2165.0000
3268.0000
1538.0000
358.0000
2033.0000
1048.0000
2895.0000
4209.0000
4065.0000
2087.0000
3729.0000
168.0000
941.0000
2660.0000
1191.0000
2627.0000
2627.0000
3018.0000
1309.0000
1582.0000
513.0000
1761.0000
2976.0000
773.0000
168.0000
2592.0000
2815.0000
1554.0000
1696.0000
1092.0000
3704.0000
2191.0000
734.0000
4131.0000
801.0000
505.0000
4209.0000
1170.0000
2123.0000
2457.0000
3456.0000
1763.0000
1538.0000
4209.0000
2445.0000
1132.0000
526.0000
1698.0000
3408.0000
4157.0000
2230.0000
4209.0000
665.0000
1694.0000
3345.0000
370.0000
2122.0000
845.0000
3784.0000
2087.0000
1685.0000
4209.0000
1671.0000
461.0000
4209.0000
1234.0000
593.0000
2592.0000
2752.0000
3861.0000
347.0000
453.0000
3870.0000
1210.0000
1234.0000
1763.0000
1446.0000
2191.0000
530.0000
3239.0000
2564.0000
845.0000
3891.0000
1572.0000
348.0000
3704.0000
970.0000
1979.0000
2895.0000
3826.0000
3814.0000
1700.0000
3383.0000
2815.0000
506.0000
1092.0000
3870.0000
2613.0000
3839.0000
892.0000
530.0000
3704.0000
425.0000
3704.0000
593.0000
3719.0000
78.0000
3479.0000
490.0000
3386.0000
52.0000
1309.0000
2997.0000
1226.0000
168.0000
1554.0000
2018.0000
2752.0000
3456.0000
