#n = 17
1978.0000
357.0000
727.0000
1178.0000
748.0000
800.0000
1170.0000
842.0000
884.0000
2306.0000
1569.0000
2243.0000
1170.0000
2174.0000
884.0000
884.0000
2048.0000
3085.0000
3337.0000
1199.0000
1181.0000
2327.0000
2883.0000
716.0000
1653.0000
2317.0000
1440.0000
3109.0000
1668.0000
1590.0000
3040.0000
884.0000
1094.0000
2327.0000
2327.0000
63.0000
853.0000
3337.0000
815.0000
1338.0000
3337.0000
926.0000
1178.0000
625.0000
3337.0000
1322.0000
189.0000
3337.0000
1307.0000
1524.0000
2453.0000
357.0000
2568.0000
2342.0000
52.0000
3337.0000
430.0000
346.0000
3337.0000
3337.0000
1415.0000
357.0000
965.0000
3193.0000
1653.0000
52.0000
867.0000
2282.0000
563.0000
3337.0000
2173.0000
1390.0000
1028.0000
52.0000
228.0000
2904.0000
3109.0000
2495.0000
640.0000
2763.0000
346.0000
758.0000
2117.0000
902.0000
457.0000
1425.0000
1653.0000
3169.0000
947.0000
2568.0000
514.0000
144.0000
2763.0000
3009.0000
430.0000
2712.0000
1464.0000
2522.0000
853.0000
3169.0000
2932.0000
349.0000
2138.0000
1524.0000
674.0000
1173.0000
3211.0000
574.0000
548.0000
968.0000
1936.0000
1936.0000
769.0000
244.0000
3184.0000
2883.0000
1440.0000
1821.0000
2030.0000
2747.0000
1743.0000
758.0000
1262.0000
1010.0000
3109.0000
1684.0000
2991.0000
1020.0000
1684.0000
3085.0000
457.0000
3148.0000
800.0000
454.0000
1464.0000
727.0000
1915.0000
3337.0000
3033.0000
2932.0000
968.0000
2317.0000
3337.0000
1154.0000
1094.0000
2390.0000
1010.0000
514.0000
496.0000
2243.0000
2230.0000
625.0000
1873.0000
2747.0000
3132.0000
1862.0000
1922.0000
3337.0000
2369.0000
1668.0000
1897.0000
381.0000
349.0000
842.0000
126.0000
727.0000
1010.0000
968.0000
1516.0000
3253.0000
1199.0000
3337.0000
1170.0000
640.0000
2579.0000
1010.0000
1220.0000
1307.0000
1922.0000
1810.0000
1558.0000
3337.0000
2558.0000
3040.0000
1873.0000
2579.0000
2946.0000
2317.0000
2317.0000
2516.0000
674.0000
1233.0000
758.0000
1289.0000
2030.0000
3337.0000
1317.0000
1594.0000
1154.0000
420.0000
2865.0000
1178.0000
1852.0000
2558.0000
1653.0000
228.0000
3085.0000
3033.0000
685.0000
2138.0000
2880.0000
420.0000
2579.0000
3211.0000
1558.0000
1136.0000
454.0000
1262.0000
640.0000
2369.0000
144.0000
1289.0000
1415.0000
2453.0000
842.0000
716.0000
1821.0000
2020.0000
1181.0000
2075.0000
3040.0000
2435.0000
3337.0000
1743.0000
1440.0000
2183.0000
2372.0000
748.0000
2327.0000
800.0000
496.0000
766.0000
2369.0000
2470.0000
496.0000
1873.0000
357.0000
2293.0000
727.0000
563.0000
1307.0000
153.0000
2020.0000
1233.0000
3337.0000
2317.0000
346.0000
2164.0000
580.0000
304.0000
205.0000
1978.0000
84.0000
3085.0000
252.0000
496.0000
995.0000
1813.0000
252.0000
3009.0000
2282.0000
2089.0000
2736.0000
2309.0000
454.0000
640.0000
867.0000
205.0000
63.0000
1094.0000
563.0000
902.0000
3337.0000
420.0000
3211.0000
3337.0000
2306.0000
3085.0000
674.0000
