#n = 8
587.0000
1168.0000
293.0000
1535.0000
1587.0000
1268.0000
1175.0000
1242.0000
1100.0000
1367.0000
1755.0000
823.0000
655.0000
168.0000
1755.0000
859.0000
1175.0000
728.0000
1587.0000
1271.0000
1175.0000
1755.0000
1755.0000
1587.0000
336.0000
1755.0000
1587.0000
1175.0000
932.0000
1410.0000
1755.0000
1410.0000
1755.0000
1271.0000
1512.0000
1511.0000
639.0000
345.0000
1462.0000
1168.0000
1535.0000
52.0000
168.0000
1514.0000
1462.0000
1755.0000
728.0000
1116.0000
1268.0000
1755.0000
859.0000
1116.0000
388.0000
639.0000
1175.0000
1343.0000
1027.0000
681.0000
580.0000
830.0000
513.0000
1511.0000
243.0000
1343.0000
