#n = 9
1914.0000
260.0000
1238.0000
424.0000
424.0000
702.0000
311.0000
1324.0000
139.0000
1067.0000
873.0000
1117.0000
2053.0000
1629.0000
1238.0000
2053.0000
702.0000
1914.0000
1932.0000
2053.0000
1377.0000
1180.0000
1297.0000
1688.0000
1629.0000
702.0000
788.0000
442.0000
1629.0000
1769.0000
702.0000
284.0000
1629.0000
1490.0000
1067.0000
1742.0000
1067.0000
1688.0000
729.0000
1013.0000
1377.0000
1300.0000
424.0000
1629.0000
2053.0000
2053.0000
1940.0000
423.0000
1914.0000
450.0000
260.0000
1464.0000
2053.0000
1297.0000
365.0000
329.0000
1793.0000
2053.0000
986.0000
1300.0000
1629.0000
364.0000
1377.0000
788.0000
59.0000
1914.0000
2053.0000
873.0000
2053.0000
388.0000
1603.0000
1914.0000
1180.0000
392.0000
1689.0000
1180.0000
1265.0000
450.0000
873.0000
589.0000
121.0000
