#n = 11
1870.0000
1848.0000
1018.0000
1590.0000
241.0000
2155.0000
364.0000
1426.0000
1456.0000
802.0000
430.0000
1820.0000
2392.0000
2392.0000
1189.0000
2392.0000
2132.0000
1554.0000
722.0000
1294.0000
595.0000
861.0000
602.0000
572.0000
2155.0000
1189.0000
2050.0000
772.0000
1540.0000
2392.0000
2392.0000
364.0000
1374.0000
835.0000
671.0000
1583.0000
725.0000
1540.0000
772.0000
2392.0000
2392.0000
2312.0000
260.0000
1203.0000
1016.0000
1430.0000
1346.0000
671.0000
1294.0000
522.0000
1870.0000
80.0000
1560.0000
1790.0000
2050.0000
1016.0000
342.0000
962.0000
966.0000
1820.0000
1771.0000
621.0000
1360.0000
1193.0000
1396.0000
1203.0000
595.0000
2155.0000
1798.0000
2392.0000
1721.0000
2132.0000
1016.0000
1633.0000
2392.0000
1790.0000
1360.0000
260.0000
1820.0000
1970.0000
2155.0000
2211.0000
1560.0000
832.0000
2228.0000
838.0000
838.0000
544.0000
522.0000
1294.0000
852.0000
260.0000
621.0000
2034.0000
1820.0000
1870.0000
1396.0000
80.0000
1203.0000
1456.0000
1848.0000
2028.0000
544.0000
2178.0000
2392.0000
1199.0000
1531.0000
2392.0000
802.0000
1848.0000
2211.0000
1046.0000
164.0000
2028.0000
2031.0000
838.0000
2392.0000
671.0000
1203.0000
1633.0000
1797.0000
