#n = 11
722.0000
2212.0000
80.0000
952.0000
1199.0000
1440.0000
358.0000
380.0000
1294.0000
2392.0000
2028.0000
237.0000
601.0000
861.0000
1098.0000
358.0000
2392.0000
781.0000
996.0000
602.0000
1193.0000
1554.0000
237.0000
1962.0000
861.0000
2392.0000
1410.0000
2392.0000
1203.0000
1410.0000
1670.0000
1018.0000
2178.0000
781.0000
1016.0000
966.0000
1531.0000
594.0000
1046.0000
180.0000
2392.0000
2312.0000
2034.0000
772.0000
601.0000
772.0000
982.0000
2392.0000
2392.0000
2392.0000
2050.0000
237.0000
832.0000
852.0000
1790.0000
2151.0000
101.0000
2392.0000
1203.0000
1203.0000
2392.0000
342.0000
1560.0000
2291.0000
1098.0000
2155.0000
422.0000
1583.0000
1531.0000
595.0000
722.0000
1294.0000
1620.0000
861.0000
1870.0000
2012.0000
2392.0000
2392.0000
1918.0000
430.0000
1032.0000
1193.0000
1557.0000
2211.0000
1771.0000
1620.0000
1962.0000
624.0000
50.0000
361.0000
2151.0000
852.0000
2392.0000
936.0000
2392.0000
2392.0000
1557.0000
982.0000
722.0000
2392.0000
260.0000
952.0000
1018.0000
1870.0000
2212.0000
1374.0000
50.0000
781.0000
241.0000
1791.0000
809.0000
544.0000
759.0000
2392.0000
1633.0000
260.0000
1620.0000
1430.0000
1098.0000
2392.0000
164.0000
