#n = 12
323.0000
1813.0000
3028.0000
980.0000
273.0000
1929.0000
456.0000
2522.0000
1849.0000
596.0000
1538.0000
785.0000
2325.0000
273.0000
1820.0000
2243.0000
2791.0000
2822.0000
2522.0000
1032.0000
3028.0000
3028.0000
1537.0000
1851.0000
2003.0000
2599.0000
2755.0000
2249.0000
2755.0000
1685.0000
2717.0000
2978.0000
2249.0000
2406.0000
3028.0000
1208.0000
1215.0000
2243.0000
2705.0000
2468.0000
456.0000
1208.0000
2195.0000
1811.0000
3028.0000
1799.0000
512.0000
1538.0000
904.0000
206.0000
1540.0000
1808.0000
1996.0000
477.0000
2276.0000
2406.0000
271.0000
477.0000
1528.0000
2328.0000
2836.0000
2717.0000
1538.0000
2003.0000
2822.0000
2048.0000
2572.0000
1227.0000
1215.0000
1025.0000
2522.0000
2468.0000
1229.0000
1996.0000
1227.0000
273.0000
2705.0000
1813.0000
973.0000
1014.0000
1813.0000
3028.0000
2003.0000
2551.0000
2511.0000
779.0000
1540.0000
2200.0000
2836.0000
2200.0000
2326.0000
2516.0000
2978.0000
3028.0000
183.0000
3028.0000
2565.0000
1526.0000
2755.0000
311.0000
1732.0000
2978.0000
1025.0000
273.0000
779.0000
560.0000
700.0000
980.0000
596.0000
2005.0000
1032.0000
506.0000
2249.0000
596.0000
973.0000
779.0000
3028.0000
1929.0000
1479.0000
700.0000
2516.0000
2325.0000
2468.0000
323.0000
3028.0000
785.0000
510.0000
596.0000
2822.0000
1538.0000
2325.0000
721.0000
3028.0000
2468.0000
721.0000
703.0000
2717.0000
1229.0000
477.0000
2705.0000
311.0000
311.0000
1732.0000
2276.0000
