#n = 17
509.0000
1788.0000
2549.0000
1498.0000
599.0000
1072.0000
238.0000
4200.0000
2044.0000
164.0000
599.0000
2832.0000
2293.0000
1595.0000
4130.0000
1712.0000
599.0000
164.0000
4337.0000
2912.0000
2590.0000
385.0000
3738.0000
599.0000
3127.0000
2963.0000
2562.0000
4173.0000
2164.0000
2260.0000
1683.0000
2282.0000
116.0000
1939.0000
3327.0000
4337.0000
3559.0000
1043.0000
2883.0000
3559.0000
680.0000
4040.0000
2831.0000
3149.0000
1121.0000
2578.0000
1092.0000
4151.0000
1436.0000
2832.0000
297.0000
393.0000
1684.0000
942.0000
186.0000
2742.0000
1595.0000
2240.0000
4257.0000
1188.0000
402.0000
4041.0000
1458.0000
3729.0000
3340.0000
2772.0000
1552.0000
1477.0000
4337.0000
795.0000
4337.0000
4099.0000
4337.0000
3582.0000
3609.0000
3905.0000
4337.0000
1651.0000
2044.0000
778.0000
2283.0000
2901.0000
3340.0000
997.0000
1288.0000
2549.0000
2963.0000
3802.0000
297.0000
2654.0000
2097.0000
1163.0000
2446.0000
1747.0000
4337.0000
1403.0000
2398.0000
1720.0000
3944.0000
3725.0000
4337.0000
1010.0000
2177.0000
1382.0000
4337.0000
3010.0000
297.0000
1775.0000
1581.0000
1425.0000
80.0000
3431.0000
817.0000
3305.0000
4040.0000
2340.0000
1436.0000
3952.0000
1180.0000
1651.0000
3345.0000
2654.0000
1506.0000
1188.0000
3609.0000
4337.0000
3294.0000
571.0000
1568.0000
4337.0000
1847.0000
1374.0000
2969.0000
2934.0000
4337.0000
3952.0000
433.0000
1788.0000
2477.0000
311.0000
3952.0000
2105.0000
3327.0000
2831.0000
906.0000
1217.0000
1869.0000
1425.0000
393.0000
3582.0000
3135.0000
3542.0000
4337.0000
1788.0000
1889.0000
2474.0000
2715.0000
3622.0000
4200.0000
2077.0000
571.0000
2769.0000
2883.0000
3245.0000
2715.0000
2044.0000
4337.0000
3966.0000
599.0000
238.0000
2625.0000
1869.0000
2477.0000
3738.0000
609.0000
295.0000
4337.0000
2077.0000
4337.0000
1052.0000
699.0000
3944.0000
680.0000
3567.0000
3500.0000
2715.0000
2468.0000
295.0000
1595.0000
1622.0000
3559.0000
4221.0000
4157.0000
755.0000
509.0000
371.0000
1032.0000
3135.0000
2283.0000
3120.0000
3622.0000
2490.0000
2686.0000
3294.0000
1552.0000
364.0000
680.0000
770.0000
3944.0000
1148.0000
3120.0000
906.0000
2446.0000
3738.0000
3491.0000
393.0000
3265.0000
2570.0000
1092.0000
1327.0000
2590.0000
4337.0000
2282.0000
4337.0000
3952.0000
4337.0000
895.0000
2832.0000
2912.0000
3245.0000
3638.0000
1374.0000
778.0000
2831.0000
3365.0000
2446.0000
4020.0000
1374.0000
1425.0000
2180.0000
80.0000
3725.0000
1506.0000
1775.0000
1889.0000
364.0000
385.0000
4131.0000
1403.0000
2625.0000
3340.0000
3010.0000
2654.0000
3157.0000
3010.0000
837.0000
2617.0000
432.0000
3738.0000
2742.0000
1552.0000
1997.0000
675.0000
680.0000
1052.0000
3174.0000
2901.0000
2055.0000
2949.0000
317.0000
1210.0000
2715.0000
557.0000
795.0000
1862.0000
3864.0000
4020.0000
942.0000
2934.0000
4337.0000
4337.0000
3952.0000
1505.0000
2983.0000
4337.0000
535.0000
689.0000
1568.0000
186.0000
