#n = 11
2034.0000
1768.0000
1196.0000
2392.0000
1032.0000
1018.0000
1611.0000
759.0000
2034.0000
2392.0000
1768.0000
1560.0000
1790.0000
1032.0000
1590.0000
2228.0000
671.0000
2392.0000
781.0000
1670.0000
2228.0000
1196.0000
1768.0000
1456.0000
966.0000
1870.0000
2028.0000
1203.0000
936.0000
2228.0000
1667.0000
1426.0000
1721.0000
838.0000
2178.0000
2212.0000
2392.0000
2392.0000
380.0000
361.0000
1540.0000
1196.0000
237.0000
2392.0000
2211.0000
544.0000
358.0000
1790.0000
1583.0000
522.0000
2392.0000
2212.0000
2392.0000
2178.0000
1560.0000
1768.0000
364.0000
861.0000
835.0000
1098.0000
2178.0000
1768.0000
1376.0000
101.0000
1196.0000
1560.0000
852.0000
595.0000
260.0000
1440.0000
1193.0000
1590.0000
1611.0000
1410.0000
2211.0000
1016.0000
1196.0000
832.0000
1554.0000
1346.0000
1294.0000
430.0000
1790.0000
832.0000
1620.0000
2392.0000
2392.0000
180.0000
2392.0000
180.0000
1374.0000
1410.0000
1018.0000
1670.0000
725.0000
2392.0000
952.0000
2392.0000
2132.0000
952.0000
602.0000
2028.0000
2132.0000
1018.0000
180.0000
594.0000
522.0000
1440.0000
1820.0000
1016.0000
1791.0000
952.0000
1611.0000
2228.0000
164.0000
2028.0000
2155.0000
725.0000
1670.0000
1410.0000
2392.0000
