#n = 12
2599.0000
1099.0000
2572.0000
3028.0000
1801.0000
323.0000
323.0000
2699.0000
2325.0000
3028.0000
456.0000
1229.0000
2757.0000
2012.0000
1032.0000
702.0000
906.0000
788.0000
506.0000
1851.0000
2124.0000
2599.0000
237.0000
2328.0000
2124.0000
1220.0000
2978.0000
273.0000
1500.0000
2565.0000
973.0000
3028.0000
2406.0000
779.0000
980.0000
1208.0000
1343.0000
2195.0000
721.0000
2122.0000
1345.0000
1179.0000
2432.0000
1179.0000
2243.0000
273.0000
2516.0000
703.0000
2124.0000
2014.0000
2326.0000
1023.0000
904.0000
2325.0000
2048.0000
3028.0000
1296.0000
2518.0000
1732.0000
2124.0000
323.0000
2124.0000
752.0000
2522.0000
3028.0000
2599.0000
1177.0000
560.0000
512.0000
1851.0000
2326.0000
323.0000
3028.0000
271.0000
2755.0000
3028.0000
721.0000
904.0000
1737.0000
1502.0000
2276.0000
2978.0000
1215.0000
2012.0000
1345.0000
779.0000
3028.0000
1491.0000
1732.0000
1820.0000
3028.0000
1016.0000
1490.0000
2276.0000
785.0000
2406.0000
477.0000
2636.0000
1813.0000
2359.0000
429.0000
1996.0000
50.0000
506.0000
973.0000
2003.0000
1291.0000
1929.0000
506.0000
2012.0000
2599.0000
2468.0000
752.0000
2195.0000
622.0000
183.0000
2978.0000
788.0000
1023.0000
1813.0000
1291.0000
323.0000
463.0000
3028.0000
2757.0000
702.0000
506.0000
2307.0000
311.0000
2276.0000
2755.0000
1851.0000
1490.0000
2755.0000
980.0000
1683.0000
1291.0000
329.0000
1108.0000
273.0000
271.0000
1227.0000
779.0000
271.0000
