#n = 8
861.0000
915.0000
237.0000
476.0000
338.0000
1541.0000
915.0000
532.0000
631.0000
385.0000
1063.0000
295.0000
1448.0000
1541.0000
1980.0000
1063.0000
284.0000
237.0000
1504.0000
1879.0000
101.0000
1063.0000
293.0000
1687.0000
192.0000
202.0000
101.0000
770.0000
962.0000
1980.0000
1980.0000
1642.0000
1980.0000
1349.0000
1311.0000
577.0000
669.0000
1119.0000
1685.0000
1980.0000
385.0000
577.0000
1980.0000
1054.0000
633.0000
1642.0000
1696.0000
385.0000
577.0000
532.0000
1685.0000
1687.0000
101.0000
915.0000
1065.0000
1696.0000
1595.0000
293.0000
1879.0000
1018.0000
1504.0000
1595.0000
633.0000
1687.0000
