#n = 19
2148.0000
1001.0000
3226.0000
3621.0000
1408.0000
2629.0000
904.0000
3011.0000
3377.0000
3011.0000
1270.0000
1450.0000
824.0000
1304.0000
3393.0000
2232.0000
676.0000
1800.0000
1492.0000
4361.0000
1832.0000
4083.0000
2733.0000
4121.0000
302.0000
3136.0000
639.0000
3210.0000
2209.0000
3815.0000
496.0000
4361.0000
2536.0000
3205.0000
4058.0000
2927.0000
1134.0000
2620.0000
1520.0000
1492.0000
774.0000
4121.0000
1135.0000
3377.0000
2953.0000
2148.0000
1850.0000
3360.0000
2267.0000
4208.0000
1985.0000
1304.0000
2869.0000
3360.0000
2758.0000
1624.0000
4361.0000
3979.0000
2010.0000
1607.0000
752.0000
3735.0000
3057.0000
824.0000
3860.0000
2927.0000
3155.0000
3229.0000
546.0000
526.0000
144.0000
3621.0000
2737.0000
2060.0000
1408.0000
2841.0000
3537.0000
3313.0000
3011.0000
2813.0000
1908.0000
216.0000
3888.0000
908.0000
1850.0000
3693.0000
4081.0000
2754.0000
2237.0000
2457.0000
1047.0000
2381.0000
2272.0000
1156.0000
328.0000
4041.0000
2737.0000
1777.0000
2841.0000
1628.0000
668.0000
4298.0000
4361.0000
2584.0000
3696.0000
2763.0000
1737.0000
4361.0000
2372.0000
2452.0000
2232.0000
1770.0000
904.0000
1350.0000
3365.0000
2125.0000
1989.0000
4104.0000
4081.0000
2403.0000
1492.0000
4041.0000
3759.0000
908.0000
1872.0000
3865.0000
257.0000
1484.0000
1350.0000
2733.0000
3753.0000
4361.0000
2317.0000
3415.0000
1102.0000
1976.0000
2705.0000
3865.0000
3036.0000
4298.0000
1497.0000
320.0000
1047.0000
1872.0000
3801.0000
2301.0000
257.0000
1350.0000
1047.0000
1185.0000
608.0000
4104.0000
4361.0000
2529.0000
4013.0000
779.0000
888.0000
2683.0000
1628.0000
1969.0000
1885.0000
740.0000
2381.0000
1652.0000
2733.0000
2372.0000
2351.0000
1989.0000
546.0000
3860.0000
3685.0000
2209.0000
3751.0000
104.0000
3457.0000
1980.0000
1872.0000
3617.0000
2985.0000
3532.0000
3433.0000
4133.0000
580.0000
888.0000
1908.0000
2584.0000
3979.0000
824.0000
1628.0000
1135.0000
4361.0000
3229.0000
1151.0000
1598.0000
1185.0000
3210.0000
3888.0000
753.0000
3815.0000
2296.0000
3537.0000
496.0000
2476.0000
501.0000
2584.0000
2403.0000
933.0000
2152.0000
4109.0000
2351.0000
4361.0000
904.0000
1325.0000
3865.0000
3280.0000
3685.0000
278.0000
1885.0000
3189.0000
4361.0000
2453.0000
1186.0000
280.0000
2385.0000
2620.0000
3685.0000
608.0000
1236.0000
2128.0000
4117.0000
2864.0000
3979.0000
4361.0000
257.0000
2057.0000
1488.0000
4361.0000
933.0000
3582.0000
2733.0000
4041.0000
3759.0000
1624.0000
144.0000
3722.0000
382.0000
3175.0000
1350.0000
2125.0000
2089.0000
278.0000
2953.0000
1628.0000
1304.0000
2476.0000
1350.0000
3113.0000
4109.0000
244.0000
855.0000
1712.0000
824.0000
3592.0000
4058.0000
4083.0000
2620.0000
4361.0000
854.0000
1325.0000
2209.0000
4013.0000
2977.0000
804.0000
2057.0000
3227.0000
328.0000
829.0000
3621.0000
996.0000
216.0000
3722.0000
3815.0000
3365.0000
2044.0000
2869.0000
4083.0000
3999.0000
1270.0000
144.0000
1132.0000
3313.0000
1172.0000
1628.0000
2267.0000
1985.0000
922.0000
2125.0000
2584.0000
3453.0000
3865.0000
278.0000
774.0000
4109.0000
1548.0000
2536.0000
626.0000
668.0000
2624.0000
1248.0000
996.0000
2317.0000
2089.0000
580.0000
2129.0000
3360.0000
4361.0000
744.0000
3685.0000
4109.0000
3280.0000
4298.0000
2911.0000
244.0000
824.0000
2174.0000
610.0000
2733.0000
1304.0000
3835.0000
1325.0000
1732.0000
1408.0000
744.0000
382.0000
4104.0000
1850.0000
2733.0000
362.0000
3557.0000
2932.0000
1304.0000
2737.0000
676.0000
3889.0000
546.0000
4257.0000
1186.0000
605.0000
3229.0000
4361.0000
2125.0000
1102.0000
1132.0000
4361.0000
1156.0000
2237.0000
3364.0000
3701.0000
1248.0000
4041.0000
2453.0000
