#n = 13
2287.0000
738.0000
2910.0000
693.0000
1332.0000
322.0000
2084.0000
682.0000
1277.0000
1519.0000
2910.0000
2231.0000
1137.0000
1634.0000
2084.0000
438.0000
955.0000
1056.0000
573.0000
2383.0000
1361.0000
438.0000
2910.0000
1633.0000
2910.0000
1574.0000
242.0000
297.0000
299.0000
2525.0000
1658.0000
2199.0000
1519.0000
1955.0000
2199.0000
1955.0000
2637.0000
522.0000
1517.0000
682.0000
1714.0000
139.0000
1332.0000
2910.0000
2035.0000
2910.0000
299.0000
1930.0000
385.0000
875.0000
2851.0000
2910.0000
674.0000
965.0000
2084.0000
643.0000
2668.0000
2388.0000
2447.0000
1658.0000
1854.0000
2910.0000
1920.0000
2599.0000
1690.0000
980.0000
693.0000
2771.0000
954.0000
2668.0000
1557.0000
1260.0000
2611.0000
2910.0000
2910.0000
101.0000
381.0000
990.0000
164.0000
1574.0000
2267.0000
2084.0000
2910.0000
2498.0000
2645.0000
1393.0000
703.0000
2267.0000
139.0000
2668.0000
2910.0000
2910.0000
2217.0000
2113.0000
2308.0000
1391.0000
412.0000
1252.0000
2525.0000
1714.0000
1336.0000
1854.0000
2910.0000
838.0000
363.0000
976.0000
59.0000
1650.0000
183.0000
1277.0000
2910.0000
2217.0000
885.0000
1056.0000
2771.0000
527.0000
1714.0000
322.0000
183.0000
2308.0000
280.0000
1672.0000
2337.0000
1650.0000
1393.0000
2547.0000
955.0000
2599.0000
116.0000
1557.0000
101.0000
2809.0000
527.0000
2308.0000
2252.0000
2267.0000
955.0000
2727.0000
2207.0000
875.0000
2228.0000
1816.0000
412.0000
2528.0000
2252.0000
2588.0000
703.0000
2337.0000
262.0000
2727.0000
297.0000
280.0000
711.0000
2910.0000
353.0000
976.0000
1574.0000
2316.0000
885.0000
382.0000
826.0000
2552.0000
2207.0000
311.0000
674.0000
101.0000
838.0000
262.0000
1934.0000
