#n = 9
365.0000
2053.0000
311.0000
423.0000
364.0000
1067.0000
544.0000
2053.0000
936.0000
1665.0000
1180.0000
311.0000
329.0000
932.0000
1932.0000
59.0000
936.0000
873.0000
563.0000
2053.0000
392.0000
2053.0000
1742.0000
388.0000
873.0000
544.0000
442.0000
423.0000
589.0000
675.0000
113.0000
1932.0000
1121.0000
1121.0000
1769.0000
1769.0000
544.0000
815.0000
756.0000
1603.0000
54.0000
788.0000
1180.0000
1013.0000
59.0000
365.0000
729.0000
113.0000
1932.0000
450.0000
139.0000
648.0000
1300.0000
1994.0000
59.0000
260.0000
311.0000
1603.0000
139.0000
1932.0000
1940.0000
1040.0000
2053.0000
675.0000
365.0000
1180.0000
729.0000
676.0000
59.0000
2053.0000
1661.0000
1665.0000
59.0000
1665.0000
1629.0000
392.0000
648.0000
1405.0000
450.0000
1464.0000
329.0000
