#n = 9
260.0000
1665.0000
2053.0000
702.0000
2053.0000
986.0000
388.0000
1914.0000
442.0000
1994.0000
2053.0000
1509.0000
1940.0000
54.0000
59.0000
284.0000
1265.0000
1490.0000
1324.0000
113.0000
1351.0000
788.0000
1013.0000
815.0000
2053.0000
2053.0000
1265.0000
589.0000
1689.0000
1351.0000
1300.0000
1040.0000
729.0000
1300.0000
392.0000
1351.0000
2053.0000
756.0000
2053.0000
1940.0000
986.0000
1180.0000
1630.0000
311.0000
1300.0000
1724.0000
424.0000
1117.0000
1629.0000
1265.0000
932.0000
2053.0000
1265.0000
1793.0000
2053.0000
1932.0000
1932.0000
284.0000
1611.0000
2053.0000
260.0000
788.0000
392.0000
59.0000
675.0000
2053.0000
1378.0000
1040.0000
1297.0000
874.0000
676.0000
986.0000
873.0000
1180.0000
873.0000
1509.0000
589.0000
423.0000
1688.0000
1611.0000
1999.0000
