#n = 13
2498.0000
2287.0000
602.0000
838.0000
358.0000
116.0000
116.0000
2472.0000
1920.0000
1773.0000
954.0000
1196.0000
797.0000
1650.0000
2528.0000
2472.0000
2746.0000
297.0000
965.0000
2388.0000
265.0000
2498.0000
2648.0000
2287.0000
885.0000
522.0000
643.0000
265.0000
2910.0000
382.0000
1391.0000
2315.0000
2072.0000
2113.0000
2287.0000
976.0000
2383.0000
1220.0000
2072.0000
2337.0000
1252.0000
1094.0000
1930.0000
322.0000
2910.0000
101.0000
2910.0000
116.0000
1517.0000
954.0000
101.0000
1934.0000
2337.0000
101.0000
826.0000
2228.0000
1574.0000
463.0000
2910.0000
1260.0000
2383.0000
2588.0000
1814.0000
522.0000
1955.0000
385.0000
2613.0000
2529.0000
2910.0000
1930.0000
679.0000
955.0000
2588.0000
1930.0000
2316.0000
595.0000
2217.0000
990.0000
679.0000
2346.0000
979.0000
2529.0000
2588.0000
2252.0000
826.0000
2287.0000
1549.0000
1260.0000
955.0000
693.0000
183.0000
1277.0000
2529.0000
2084.0000
297.0000
2287.0000
297.0000
1252.0000
2771.0000
954.0000
2525.0000
1517.0000
2207.0000
1238.0000
1773.0000
2599.0000
1336.0000
2727.0000
2217.0000
643.0000
1220.0000
2228.0000
139.0000
2637.0000
955.0000
2498.0000
2346.0000
2910.0000
980.0000
1931.0000
1094.0000
1252.0000
797.0000
1094.0000
2637.0000
2231.0000
2308.0000
976.0000
2231.0000
1934.0000
2910.0000
1658.0000
826.0000
2910.0000
262.0000
2552.0000
658.0000
885.0000
2910.0000
2910.0000
990.0000
2910.0000
976.0000
385.0000
2668.0000
1361.0000
2308.0000
2552.0000
1276.0000
358.0000
2217.0000
522.0000
1633.0000
980.0000
1920.0000
1816.0000
1920.0000
2910.0000
2252.0000
1056.0000
658.0000
2645.0000
2630.0000
280.0000
1956.0000
412.0000
2910.0000
1930.0000
1220.0000
