#n = 14
1067.0000
2736.0000
1046.0000
721.0000
164.0000
1095.0000
259.0000
209.0000
587.0000
2736.0000
164.0000
328.0000
2015.0000
2376.0000
1903.0000
1690.0000
2081.0000
2340.0000
1903.0000
378.0000
2127.0000
1540.0000
2015.0000
1791.0000
1212.0000
1867.0000
2131.0000
2378.0000
620.0000
819.0000
2195.0000
2408.0000
2686.0000
2019.0000
2572.0000
366.0000
164.0000
2736.0000
508.0000
1608.0000
1229.0000
2048.0000
767.0000
1636.0000
1862.0000
209.0000
620.0000
1540.0000
1016.0000
2261.0000
2228.0000
2523.0000
1524.0000
2340.0000
874.0000
358.0000
1455.0000
2157.0000
1552.0000
508.0000
2635.0000
903.0000
1174.0000
2465.0000
2736.0000
868.0000
818.0000
1591.0000
2031.0000
508.0000
213.0000
1196.0000
112.0000
721.0000
2376.0000
1753.0000
1234.0000
1212.0000
931.0000
2340.0000
1032.0000
688.0000
945.0000
2425.0000
1998.0000
1283.0000
2050.0000
541.0000
1196.0000
1636.0000
1737.0000
2736.0000
1283.0000
2736.0000
2736.0000
2157.0000
1234.0000
1690.0000
2261.0000
1338.0000
1753.0000
407.0000
1087.0000
736.0000
1669.0000
1641.0000
1100.0000
1046.0000
1918.0000
2589.0000
1524.0000
688.0000
2340.0000
508.0000
1234.0000
2378.0000
2127.0000
1067.0000
2103.0000
1886.0000
1234.0000
1920.0000
1805.0000
164.0000
2103.0000
1608.0000
833.0000
1490.0000
1720.0000
655.0000
819.0000
1234.0000
2736.0000
1920.0000
1283.0000
2131.0000
717.0000
1886.0000
2736.0000
2019.0000
2572.0000
1338.0000
2736.0000
1016.0000
2736.0000
1505.0000
605.0000
2048.0000
1690.0000
1016.0000
1669.0000
1969.0000
366.0000
1234.0000
164.0000
378.0000
2635.0000
1095.0000
874.0000
2195.0000
736.0000
259.0000
508.0000
2050.0000
358.0000
620.0000
637.0000
818.0000
2522.0000
2370.0000
1507.0000
1917.0000
1507.0000
975.0000
2195.0000
147.0000
2635.0000
1636.0000
620.0000
1552.0000
1886.0000
1720.0000
1145.0000
1378.0000
1524.0000
2050.0000
999.0000
271.0000
1833.0000
2081.0000
2269.0000
2378.0000
423.0000
423.0000
2261.0000
213.0000
