#n = 17
557.0000
2398.0000
4041.0000
4337.0000
3728.0000
1382.0000
3542.0000
2152.0000
3766.0000
2164.0000
3086.0000
3216.0000
2769.0000
2446.0000
599.0000
2949.0000
3893.0000
1863.0000
3729.0000
3010.0000
3216.0000
2590.0000
4221.0000
3229.0000
2654.0000
4337.0000
1568.0000
317.0000
1210.0000
3559.0000
755.0000
1202.0000
1565.0000
3174.0000
3294.0000
755.0000
1684.0000
2160.0000
2446.0000
1889.0000
2490.0000
535.0000
371.0000
1065.0000
1684.0000
2173.0000
4337.0000
1661.0000
3520.0000
1788.0000
238.0000
1458.0000
3609.0000
1052.0000
1188.0000
599.0000
1354.0000
609.0000
1869.0000
778.0000
2912.0000
238.0000
1072.0000
393.0000
2160.0000
3272.0000
2715.0000
3149.0000
4131.0000
1121.0000
997.0000
1477.0000
1581.0000
3766.0000
2055.0000
1891.0000
1767.0000
1217.0000
1327.0000
895.0000
1458.0000
1775.0000
2490.0000
4337.0000
3431.0000
2983.0000
680.0000
180.0000
1939.0000
1202.0000
3658.0000
317.0000
997.0000
1288.0000
1651.0000
1251.0000
2043.0000
3662.0000
1891.0000
4200.0000
1327.0000
599.0000
2617.0000
1121.0000
1595.0000
2969.0000
997.0000
906.0000
4151.0000
1860.0000
680.0000
1290.0000
1092.0000
3944.0000
3327.0000
4337.0000
4337.0000
3365.0000
3622.0000
942.0000
2625.0000
3365.0000
4257.0000
80.0000
699.0000
2055.0000
1720.0000
837.0000
3086.0000
992.0000
3381.0000
2570.0000
3567.0000
2715.0000
3582.0000
817.0000
4200.0000
2284.0000
2282.0000
826.0000
1327.0000
2883.0000
3780.0000
1661.0000
2164.0000
1847.0000
3559.0000
2955.0000
3431.0000
1217.0000
3157.0000
1684.0000
4337.0000
3327.0000
4257.0000
4337.0000
4020.0000
1869.0000
3944.0000
3149.0000
3828.0000
2832.0000
393.0000
295.0000
1505.0000
1092.0000
4221.0000
4337.0000
3893.0000
2570.0000
2949.0000
1043.0000
2785.0000
3340.0000
433.0000
137.0000
1010.0000
2949.0000
3049.0000
906.0000
137.0000
2756.0000
2053.0000
2055.0000
837.0000
2490.0000
535.0000
2043.0000
2605.0000
2912.0000
4337.0000
3010.0000
608.0000
1403.0000
728.0000
599.0000
3216.0000
2839.0000
206.0000
2490.0000
1565.0000
608.0000
3149.0000
2756.0000
3086.0000
2054.0000
1374.0000
1180.0000
164.0000
2742.0000
1720.0000
992.0000
3944.0000
295.0000
3582.0000
612.0000
3327.0000
675.0000
972.0000
3609.0000
402.0000
4099.0000
2490.0000
3381.0000
535.0000
2578.0000
557.0000
4337.0000
2446.0000
2653.0000
4337.0000
3966.0000
3174.0000
1010.0000
1651.0000
2232.0000
3662.0000
1939.0000
1288.0000
1747.0000
2625.0000
3725.0000
3766.0000
2949.0000
1327.0000
364.0000
846.0000
1288.0000
3864.0000
2901.0000
2832.0000
2983.0000
992.0000
3157.0000
393.0000
689.0000
2549.0000
3738.0000
3120.0000
3766.0000
1860.0000
4337.0000
2676.0000
2883.0000
4337.0000
679.0000
3500.0000
3657.0000
4042.0000
2293.0000
2157.0000
2097.0000
2340.0000
1032.0000
3285.0000
4026.0000
1202.0000
393.0000
2180.0000
2340.0000
2043.0000
2831.0000
1622.0000
3224.0000
1290.0000
3966.0000
80.0000
1327.0000
2055.0000
