#n = 8
1778.0000
1119.0000
1246.0000
669.0000
1065.0000
1879.0000
293.0000
439.0000
1063.0000
1210.0000
532.0000
1778.0000
1879.0000
631.0000
915.0000
1980.0000
338.0000
1778.0000
101.0000
1980.0000
1980.0000
1696.0000
1980.0000
1300.0000
1879.0000
101.0000
1642.0000
338.0000
1743.0000
1054.0000
915.0000
1018.0000
338.0000
631.0000
1349.0000
1063.0000
1448.0000
1696.0000
1743.0000
1778.0000
1300.0000
295.0000
1879.0000
192.0000
1541.0000
338.0000
1541.0000
1504.0000
1586.0000
1696.0000
631.0000
1980.0000
439.0000
101.0000
101.0000
1980.0000
385.0000
1879.0000
1586.0000
1302.0000
1788.0000
1300.0000
1504.0000
1595.0000
