#n = 12
50.0000
2717.0000
2978.0000
1229.0000
904.0000
3028.0000
2822.0000
2511.0000
2845.0000
1808.0000
3028.0000
703.0000
1820.0000
206.0000
3028.0000
2003.0000
2705.0000
2522.0000
2636.0000
271.0000
3028.0000
1737.0000
1528.0000
833.0000
1685.0000
392.0000
237.0000
2845.0000
1540.0000
2276.0000
2755.0000
1811.0000
1229.0000
2836.0000
700.0000
1032.0000
1229.0000
517.0000
1488.0000
2518.0000
973.0000
2705.0000
973.0000
669.0000
2432.0000
3028.0000
3028.0000
1014.0000
237.0000
1732.0000
2195.0000
835.0000
1996.0000
596.0000
3028.0000
237.0000
2699.0000
1920.0000
311.0000
3028.0000
1685.0000
2699.0000
2326.0000
1996.0000
2511.0000
463.0000
1291.0000
2240.0000
2014.0000
2048.0000
2325.0000
1801.0000
2003.0000
506.0000
311.0000
828.0000
2836.0000
1799.0000
1490.0000
2565.0000
2836.0000
2636.0000
1215.0000
1488.0000
3028.0000
1032.0000
980.0000
700.0000
2836.0000
271.0000
3028.0000
1849.0000
2012.0000
311.0000
3028.0000
1811.0000
1016.0000
2511.0000
828.0000
329.0000
506.0000
2307.0000
1208.0000
2326.0000
1215.0000
456.0000
2276.0000
1801.0000
1920.0000
3028.0000
2978.0000
622.0000
2599.0000
2048.0000
835.0000
3028.0000
1177.0000
1179.0000
1799.0000
2005.0000
1016.0000
1849.0000
835.0000
1685.0000
311.0000
2468.0000
206.0000
392.0000
1108.0000
1490.0000
2755.0000
2511.0000
1537.0000
3028.0000
2518.0000
2699.0000
192.0000
192.0000
3028.0000
3028.0000
2705.0000
1345.0000
1488.0000
1801.0000
