#n = 19
882.0000
3044.0000
2334.0000
3456.0000
1858.0000
175.0000
972.0000
2417.0000
1427.0000
3947.0000
3581.0000
3333.0000
4262.0000
2899.0000
551.0000
787.0000
3732.0000
781.0000
4306.0000
3151.0000
2417.0000
1116.0000
1355.0000
4426.0000
2450.0000
188.0000
3369.0000
2733.0000
2043.0000
1478.0000
1232.0000
3947.0000
3654.0000
2271.0000
2711.0000
2645.0000
2037.0000
3593.0000
1095.0000
426.0000
4688.0000
95.0000
1319.0000
3290.0000
1886.0000
4591.0000
3618.0000
3852.0000
473.0000
2977.0000
3242.0000
311.0000
1349.0000
882.0000
3593.0000
925.0000
1577.0000
2043.0000
2141.0000
4688.0000
2974.0000
1319.0000
363.0000
3572.0000
4169.0000
1329.0000
4027.0000
2096.0000
3755.0000
551.0000
1315.0000
1789.0000
3151.0000
1666.0000
4688.0000
1116.0000
1144.0000
2038.0000
2693.0000
2651.0000
3242.0000
285.0000
4151.0000
3994.0000
1695.0000
1052.0000
3666.0000
787.0000
2354.0000
640.0000
825.0000
4262.0000
1478.0000
876.0000
1210.0000
3212.0000
3417.0000
3951.0000
640.0000
4426.0000
2459.0000
2141.0000
2252.0000
2334.0000
3581.0000
3111.0000
1695.0000
137.0000
3974.0000
4688.0000
3339.0000
825.0000
3943.0000
4359.0000
2733.0000
784.0000
4688.0000
2229.0000
4688.0000
2459.0000
2678.0000
4608.0000
2417.0000
175.0000
188.0000
1315.0000
694.0000
3863.0000
882.0000
385.0000
2647.0000
2899.0000
1315.0000
4688.0000
4688.0000
97.0000
1714.0000
1529.0000
285.0000
4688.0000
456.0000
2263.0000
2096.0000
2418.0000
80.0000
714.0000
1756.0000
2041.0000
2450.0000
97.0000
1113.0000
3369.0000
2866.0000
1900.0000
4500.0000
3877.0000
3514.0000
1644.0000
482.0000
3478.0000
2645.0000
4551.0000
889.0000
1301.0000
1332.0000
2650.0000
3907.0000
3470.0000
188.0000
1712.0000
4688.0000
3998.0000
3484.0000
3090.0000
3799.0000
175.0000
2678.0000
930.0000
2645.0000
2431.0000
4403.0000
3071.0000
2802.0000
2761.0000
2830.0000
4248.0000
3159.0000
1714.0000
784.0000
1052.0000
1116.0000
3852.0000
1218.0000
2191.0000
2299.0000
3339.0000
1404.0000
2693.0000
661.0000
4688.0000
3974.0000
399.0000
4688.0000
2238.0000
640.0000
2844.0000
2074.0000
2043.0000
4074.0000
4688.0000
4688.0000
3071.0000
1113.0000
3478.0000
4513.0000
2963.0000
551.0000
3333.0000
1319.0000
1144.0000
1775.0000
1725.0000
393.0000
4403.0000
1822.0000
2436.0000
3541.0000
4306.0000
2600.0000
3359.0000
1870.0000
4206.0000
1886.0000
1232.0000
376.0000
376.0000
4688.0000
188.0000
2088.0000
1537.0000
1251.0000
1147.0000
2866.0000
4500.0000
3572.0000
4688.0000
3496.0000
2367.0000
4551.0000
4688.0000
268.0000
4420.0000
188.0000
4294.0000
3044.0000
4688.0000
97.0000
1052.0000
4294.0000
2262.0000
4074.0000
188.0000
2191.0000
1858.0000
97.0000
1319.0000
3758.0000
723.0000
2299.0000
1995.0000
297.0000
1830.0000
3896.0000
1644.0000
2092.0000
1052.0000
2168.0000
2976.0000
376.0000
4513.0000
2262.0000
4232.0000
2088.0000
4688.0000
4688.0000
1725.0000
1666.0000
1547.0000
1446.0000
3763.0000
3758.0000
1822.0000
2913.0000
4688.0000
3437.0000
3141.0000
557.0000
640.0000
2074.0000
3581.0000
175.0000
3022.0000
393.0000
1927.0000
399.0000
3359.0000
4688.0000
2932.0000
3159.0000
4325.0000
3755.0000
1301.0000
2168.0000
297.0000
363.0000
2417.0000
97.0000
792.0000
2450.0000
741.0000
1598.0000
661.0000
922.0000
2418.0000
2037.0000
3181.0000
1147.0000
1022.0000
1666.0000
4131.0000
2354.0000
1725.0000
1927.0000
4688.0000
4215.0000
537.0000
3575.0000
456.0000
1712.0000
614.0000
557.0000
1598.0000
4688.0000
2238.0000
3159.0000
2321.0000
2238.0000
4312.0000
4359.0000
285.0000
3593.0000
3090.0000
741.0000
825.0000
490.0000
4074.0000
2581.0000
4215.0000
1666.0000
4403.0000
4027.0000
