#n = 18
3335.0000
4287.0000
2617.0000
1402.0000
3523.0000
262.0000
3268.0000
3478.0000
2266.0000
783.0000
1264.0000
2568.0000
97.0000
2456.0000
2885.0000
421.0000
97.0000
1647.0000
1359.0000
3097.0000
497.0000
137.0000
362.0000
2644.0000
4116.0000
4287.0000
1281.0000
1818.0000
1428.0000
3164.0000
1428.0000
2195.0000
1767.0000
121.0000
3795.0000
2469.0000
4150.0000
2211.0000
2625.0000
2820.0000
2048.0000
2239.0000
2625.0000
4287.0000
3710.0000
3099.0000
2669.0000
2591.0000
1241.0000
3023.0000
2932.0000
4287.0000
1144.0000
3718.0000
238.0000
343.0000
1529.0000
4287.0000
1705.0000
4233.0000
666.0000
3978.0000
3866.0000
2094.0000
3552.0000
636.0000
666.0000
3597.0000
3790.0000
2617.0000
54.0000
3925.0000
1220.0000
861.0000
309.0000
3815.0000
54.0000
2076.0000
3067.0000
764.0000
904.0000
2024.0000
1281.0000
3067.0000
497.0000
2859.0000
4287.0000
1643.0000
2568.0000
309.0000
690.0000
3733.0000
121.0000
3740.0000
2231.0000
3426.0000
4049.0000
54.0000
3335.0000
1529.0000
2456.0000
3501.0000
620.0000
3667.0000
3268.0000
1456.0000
1238.0000
2076.0000
2886.0000
902.0000
3788.0000
3804.0000
2145.0000
4049.0000
1238.0000
3486.0000
577.0000
3882.0000
4287.0000
3411.0000
1401.0000
2024.0000
3504.0000
4025.0000
309.0000
238.0000
3486.0000
792.0000
3385.0000
958.0000
4287.0000
2591.0000
4287.0000
1220.0000
3478.0000
2669.0000
2239.0000
1376.0000
3740.0000
2263.0000
3097.0000
627.0000
4166.0000
121.0000
3597.0000
4287.0000
1971.0000
1739.0000
3329.0000
1256.0000
2056.0000
500.0000
2332.0000
1220.0000
1355.0000
309.0000
3383.0000
3478.0000
2788.0000
1467.0000
1719.0000
262.0000
3597.0000
1525.0000
3236.0000
1402.0000
2147.0000
593.0000
2928.0000
902.0000
2788.0000
2785.0000
1220.0000
2820.0000
2231.0000
1267.0000
2520.0000
2264.0000
1359.0000
2859.0000
3978.0000
421.0000
3143.0000
2788.0000
2211.0000
2094.0000
3049.0000
593.0000
4287.0000
2140.0000
3290.0000
3164.0000
309.0000
3383.0000
902.0000
1705.0000
3195.0000
4166.0000
316.0000
3143.0000
268.0000
1119.0000
861.0000
1971.0000
3548.0000
569.0000
863.0000
3978.0000
3548.0000
2928.0000
309.0000
1565.0000
2714.0000
1759.0000
1019.0000
3383.0000
121.0000
54.0000
284.0000
3383.0000
309.0000
1810.0000
4287.0000
3424.0000
3389.0000
554.0000
1955.0000
786.0000
3552.0000
1126.0000
4287.0000
4287.0000
3020.0000
577.0000
4166.0000
2332.0000
3020.0000
593.0000
4233.0000
1810.0000
554.0000
1529.0000
1955.0000
2193.0000
3164.0000
739.0000
3097.0000
781.0000
238.0000
636.0000
2785.0000
2239.0000
4150.0000
343.0000
2644.0000
739.0000
1355.0000
309.0000
2669.0000
1359.0000
1256.0000
4099.0000
2758.0000
997.0000
1696.0000
792.0000
3718.0000
1901.0000
1858.0000
405.0000
3978.0000
3067.0000
4019.0000
807.0000
2332.0000
3866.0000
3147.0000
2582.0000
3424.0000
3995.0000
3006.0000
3881.0000
3621.0000
4025.0000
2316.0000
3552.0000
2239.0000
1123.0000
499.0000
2911.0000
4019.0000
690.0000
554.0000
3074.0000
764.0000
1767.0000
268.0000
2820.0000
284.0000
2231.0000
1376.0000
3733.0000
3718.0000
952.0000
497.0000
3161.0000
2264.0000
1412.0000
2231.0000
1401.0000
2048.0000
4019.0000
1767.0000
904.0000
904.0000
2332.0000
3788.0000
1267.0000
4287.0000
1767.0000
690.0000
2102.0000
3478.0000
3495.0000
