#n = 13
2552.0000
1578.0000
1287.0000
2648.0000
2525.0000
2910.0000
2337.0000
1574.0000
2648.0000
1549.0000
1634.0000
682.0000
2613.0000
1287.0000
674.0000
2851.0000
2630.0000
1277.0000
954.0000
101.0000
1220.0000
2346.0000
385.0000
2910.0000
602.0000
1276.0000
2528.0000
1557.0000
2910.0000
2447.0000
2727.0000
658.0000
2851.0000
116.0000
693.0000
954.0000
1934.0000
1623.0000
527.0000
2236.0000
693.0000
527.0000
1650.0000
682.0000
1557.0000
703.0000
1035.0000
1578.0000
2498.0000
1690.0000
2529.0000
1196.0000
838.0000
1934.0000
1276.0000
2910.0000
2611.0000
2472.0000
242.0000
1934.0000
1260.0000
2910.0000
2498.0000
438.0000
2552.0000
1955.0000
1714.0000
2910.0000
527.0000
1557.0000
2910.0000
116.0000
2025.0000
2337.0000
2910.0000
2547.0000
1934.0000
2630.0000
2228.0000
797.0000
1920.0000
2910.0000
875.0000
297.0000
2228.0000
1650.0000
1934.0000
2746.0000
2910.0000
2528.0000
679.0000
265.0000
1137.0000
59.0000
2794.0000
2447.0000
564.0000
674.0000
703.0000
2025.0000
1945.0000
955.0000
1690.0000
242.0000
623.0000
2529.0000
602.0000
1633.0000
1276.0000
1650.0000
1361.0000
2910.0000
2472.0000
1658.0000
2910.0000
976.0000
2613.0000
1956.0000
2830.0000
116.0000
979.0000
2207.0000
2910.0000
2794.0000
1956.0000
1336.0000
2645.0000
2910.0000
2199.0000
2529.0000
2613.0000
2207.0000
1634.0000
262.0000
273.0000
1633.0000
2910.0000
2910.0000
2910.0000
1931.0000
265.0000
2388.0000
2910.0000
1238.0000
2228.0000
1287.0000
954.0000
280.0000
2346.0000
382.0000
2794.0000
1196.0000
311.0000
2337.0000
1220.0000
826.0000
1814.0000
2727.0000
682.0000
2337.0000
116.0000
976.0000
797.0000
1875.0000
353.0000
438.0000
955.0000
990.0000
1353.0000
