#n = 11
1203.0000
180.0000
101.0000
241.0000
1667.0000
1790.0000
1798.0000
2211.0000
214.0000
621.0000
180.0000
982.0000
1820.0000
2392.0000
1557.0000
241.0000
50.0000
2028.0000
1918.0000
781.0000
2151.0000
962.0000
2392.0000
1918.0000
2392.0000
2392.0000
2392.0000
1620.0000
422.0000
2392.0000
1560.0000
1820.0000
835.0000
2034.0000
1396.0000
602.0000
1670.0000
342.0000
832.0000
1203.0000
2155.0000
2392.0000
2392.0000
2392.0000
1771.0000
1790.0000
1196.0000
1798.0000
1046.0000
2178.0000
996.0000
1430.0000
2392.0000
241.0000
759.0000
781.0000
2034.0000
2151.0000
1768.0000
1396.0000
2034.0000
1848.0000
1540.0000
2392.0000
2342.0000
1667.0000
725.0000
936.0000
1196.0000
1797.0000
1557.0000
1540.0000
2392.0000
671.0000
522.0000
2392.0000
572.0000
1018.0000
1016.0000
430.0000
936.0000
772.0000
1193.0000
2392.0000
1440.0000
50.0000
1721.0000
772.0000
572.0000
2155.0000
772.0000
1430.0000
237.0000
1790.0000
260.0000
1667.0000
996.0000
1611.0000
1540.0000
2155.0000
1611.0000
2392.0000
1196.0000
1196.0000
1196.0000
1196.0000
164.0000
1611.0000
1633.0000
759.0000
1032.0000
1797.0000
164.0000
1426.0000
2392.0000
1667.0000
2031.0000
2312.0000
2392.0000
1199.0000
237.0000
