#n = 20
4741.0000
3625.0000
781.0000
2609.0000
3758.0000
843.0000
2882.0000
1758.0000
4741.0000
420.0000
382.0000
563.0000
2629.0000
3445.0000
4553.0000
680.0000
4646.0000
2508.0000
2196.0000
4007.0000
3432.0000
366.0000
4640.0000
4321.0000
3078.0000
1622.0000
54.0000
558.0000
4741.0000
2042.0000
652.0000
317.0000
930.0000
3758.0000
1016.0000
1622.0000
3244.0000
743.0000
1508.0000
4089.0000
392.0000
2245.0000
3214.0000
188.0000
2491.0000
2874.0000
4691.0000
4741.0000
774.0000
3537.0000
2878.0000
4446.0000
1863.0000
3629.0000
4555.0000
461.0000
1676.0000
1497.0000
3447.0000
2545.0000
4007.0000
1309.0000
101.0000
770.0000
3993.0000
558.0000
3625.0000
1297.0000
1213.0000
4741.0000
3539.0000
950.0000
1934.0000
4741.0000
4095.0000
887.0000
466.0000
1213.0000
2136.0000
2194.0000
3409.0000
1974.0000
1513.0000
2155.0000
900.0000
2492.0000
832.0000
366.0000
1195.0000
3062.0000
3731.0000
2983.0000
2684.0000
3865.0000
3136.0000
3390.0000
1087.0000
2696.0000
4741.0000
3537.0000
3855.0000
760.0000
886.0000
781.0000
4349.0000
2955.0000
4741.0000
2522.0000
1142.0000
3351.0000
97.0000
2247.0000
4086.0000
2670.0000
2228.0000
1477.0000
3264.0000
3912.0000
370.0000
2437.0000
2491.0000
3625.0000
4321.0000
3717.0000
245.0000
3726.0000
1213.0000
4555.0000
1142.0000
770.0000
2251.0000
1893.0000
1374.0000
4501.0000
1024.0000
4406.0000
2513.0000
950.0000
3581.0000
466.0000
2196.0000
1202.0000
4646.0000
295.0000
1374.0000
4021.0000
760.0000
3283.0000
2196.0000
2197.0000
886.0000
3447.0000
1213.0000
1087.0000
3581.0000
774.0000
2233.0000
2817.0000
3062.0000
3325.0000
4741.0000
534.0000
2547.0000
4157.0000
3812.0000
1463.0000
3649.0000
1988.0000
3308.0000
1676.0000
2508.0000
3528.0000
2494.0000
4741.0000
1784.0000
2320.0000
2848.0000
2874.0000
1047.0000
4406.0000
1016.0000
1294.0000
503.0000
366.0000
4395.0000
3909.0000
3731.0000
1160.0000
1092.0000
3654.0000
2196.0000
4375.0000
4375.0000
1036.0000
1508.0000
3905.0000
2057.0000
1527.0000
2753.0000
4226.0000
366.0000
4741.0000
385.0000
1988.0000
2545.0000
4687.0000
2807.0000
1204.0000
4561.0000
3214.0000
1092.0000
2642.0000
2250.0000
3811.0000
886.0000
1867.0000
3654.0000
1766.0000
4184.0000
836.0000
1679.0000
4741.0000
4306.0000
3546.0000
3625.0000
1542.0000
435.0000
4741.0000
382.0000
563.0000
3812.0000
2408.0000
4561.0000
3971.0000
2562.0000
4406.0000
1297.0000
3705.0000
3694.0000
2615.0000
1160.0000
4741.0000
180.0000
4741.0000
435.0000
3447.0000
1374.0000
54.0000
3537.0000
4261.0000
832.0000
3339.0000
4280.0000
1402.0000
1332.0000
1416.0000
4095.0000
2492.0000
1296.0000
480.0000
3266.0000
1797.0000
188.0000
1988.0000
4042.0000
101.0000
847.0000
2971.0000
1797.0000
329.0000
2545.0000
3663.0000
4184.0000
466.0000
887.0000
1294.0000
4007.0000
1786.0000
831.0000
2492.0000
2586.0000
2696.0000
1924.0000
295.0000
3981.0000
1204.0000
2223.0000
760.0000
3375.0000
3233.0000
1332.0000
1508.0000
2544.0000
3909.0000
4211.0000
2148.0000
2228.0000
1661.0000
655.0000
240.0000
2767.0000
1309.0000
655.0000
1924.0000
2045.0000
3694.0000
2544.0000
3865.0000
2817.0000
2874.0000
2219.0000
699.0000
2684.0000
3704.0000
1480.0000
4356.0000
2605.0000
97.0000
1859.0000
3898.0000
515.0000
557.0000
1508.0000
1893.0000
2807.0000
4553.0000
534.0000
2247.0000
2975.0000
465.0000
2957.0000
4042.0000
4406.0000
2882.0000
2579.0000
3199.0000
4741.0000
4395.0000
2882.0000
1527.0000
3261.0000
1663.0000
137.0000
2494.0000
2684.0000
3078.0000
1893.0000
4007.0000
652.0000
1867.0000
2126.0000
2605.0000
1867.0000
3855.0000
4741.0000
503.0000
3447.0000
3981.0000
3717.0000
4741.0000
3080.0000
4741.0000
3444.0000
950.0000
1762.0000
2132.0000
2057.0000
887.0000
2593.0000
4479.0000
1366.0000
3445.0000
1402.0000
317.0000
4741.0000
4687.0000
3625.0000
930.0000
3694.0000
3228.0000
2179.0000
558.0000
2979.0000
382.0000
420.0000
2670.0000
4741.0000
2179.0000
3811.0000
4412.0000
2251.0000
3581.0000
3501.0000
1867.0000
1762.0000
2642.0000
2767.0000
3297.0000
2247.0000
1797.0000
