#n = 20
1036.0000
734.0000
4468.0000
2670.0000
385.0000
3278.0000
4741.0000
4496.0000
1036.0000
3266.0000
180.0000
2491.0000
317.0000
3791.0000
3546.0000
1020.0000
1402.0000
3995.0000
3704.0000
3244.0000
3339.0000
1294.0000
1513.0000
4446.0000
3078.0000
3278.0000
2593.0000
3625.0000
4042.0000
981.0000
734.0000
557.0000
1497.0000
1145.0000
3444.0000
2245.0000
4226.0000
4184.0000
2197.0000
3854.0000
1893.0000
829.0000
2492.0000
3432.0000
2629.0000
3811.0000
699.0000
1867.0000
1036.0000
836.0000
1859.0000
1480.0000
1235.0000
435.0000
4741.0000
4375.0000
4371.0000
655.0000
4226.0000
3694.0000
4741.0000
1676.0000
3841.0000
3725.0000
2767.0000
2496.0000
3297.0000
1016.0000
3444.0000
2099.0000
1924.0000
2753.0000
2057.0000
396.0000
4095.0000
2879.0000
3596.0000
534.0000
2223.0000
775.0000
4086.0000
503.0000
4479.0000
4345.0000
3905.0000
3599.0000
2196.0000
2494.0000
981.0000
461.0000
1416.0000
50.0000
4359.0000
2971.0000
4561.0000
3725.0000
829.0000
3445.0000
2045.0000
3721.0000
2071.0000
3995.0000
534.0000
2545.0000
3021.0000
4178.0000
240.0000
2421.0000
1661.0000
1332.0000
3812.0000
3024.0000
4741.0000
2848.0000
2957.0000
1240.0000
4741.0000
1736.0000
654.0000
775.0000
2879.0000
3136.0000
1366.0000
1444.0000
3966.0000
2408.0000
1924.0000
4741.0000
4592.0000
392.0000
2522.0000
149.0000
4359.0000
4741.0000
3308.0000
2882.0000
4741.0000
829.0000
1988.0000
149.0000
4280.0000
628.0000
329.0000
392.0000
2971.0000
1859.0000
746.0000
461.0000
3339.0000
186.0000
2408.0000
4359.0000
646.0000
1202.0000
2249.0000
3894.0000
1213.0000
329.0000
4349.0000
4377.0000
1036.0000
832.0000
4741.0000
385.0000
1390.0000
3367.0000
54.0000
461.0000
1332.0000
4095.0000
1988.0000
2547.0000
1213.0000
97.0000
4031.0000
983.0000
4113.0000
2320.0000
1195.0000
1458.0000
4306.0000
4061.0000
829.0000
3539.0000
1770.0000
180.0000
3905.0000
3539.0000
3654.0000
2136.0000
3998.0000
2148.0000
4321.0000
4042.0000
3447.0000
1477.0000
628.0000
3993.0000
1294.0000
4479.0000
1770.0000
3596.0000
3228.0000
180.0000
2223.0000
2817.0000
1675.0000
584.0000
1047.0000
1256.0000
836.0000
2247.0000
262.0000
2874.0000
2513.0000
4275.0000
3546.0000
3024.0000
3264.0000
2670.0000
3528.0000
3546.0000
1736.0000
2333.0000
3308.0000
4375.0000
1016.0000
149.0000
2609.0000
4356.0000
4315.0000
847.0000
4741.0000
876.0000
2593.0000
1867.0000
3228.0000
530.0000
1622.0000
1332.0000
530.0000
1679.0000
2233.0000
2955.0000
3910.0000
1862.0000
1480.0000
2421.0000
4031.0000
3704.0000
4087.0000
930.0000
2490.0000
2710.0000
2136.0000
680.0000
1240.0000
4468.0000
1475.0000
515.0000
4183.0000
2579.0000
186.0000
3066.0000
3909.0000
1294.0000
929.0000
2132.0000
929.0000
4113.0000
3811.0000
1160.0000
4604.0000
2233.0000
1508.0000
3432.0000
3967.0000
3214.0000
2544.0000
3649.0000
2233.0000
3898.0000
97.0000
2562.0000
2223.0000
4280.0000
1663.0000
2333.0000
4087.0000
680.0000
2971.0000
4468.0000
4345.0000
273.0000
4446.0000
1675.0000
1867.0000
1679.0000
3758.0000
1679.0000
2944.0000
4276.0000
1047.0000
1116.0000
3894.0000
1213.0000
262.0000
1622.0000
981.0000
1676.0000
4468.0000
188.0000
2136.0000
748.0000
4349.0000
3021.0000
4207.0000
4741.0000
1390.0000
3062.0000
3731.0000
4644.0000
2223.0000
54.0000
2817.0000
3649.0000
4741.0000
3721.0000
4061.0000
396.0000
4501.0000
2753.0000
3758.0000
3725.0000
3261.0000
3841.0000
4479.0000
4371.0000
2929.0000
1195.0000
3654.0000
188.0000
3705.0000
2494.0000
3325.0000
3791.0000
1294.0000
2971.0000
4741.0000
2196.0000
2333.0000
743.0000
2194.0000
2233.0000
50.0000
335.0000
366.0000
2492.0000
426.0000
4592.0000
4741.0000
3283.0000
4275.0000
530.0000
3390.0000
2944.0000
4113.0000
1924.0000
2031.0000
4446.0000
346.0000
3375.0000
1527.0000
1092.0000
4741.0000
2250.0000
2944.0000
2421.0000
2304.0000
3233.0000
760.0000
3912.0000
699.0000
2579.0000
4561.0000
4424.0000
2929.0000
1475.0000
4031.0000
3981.0000
1213.0000
3960.0000
4280.0000
4306.0000
3283.0000
4321.0000
3971.0000
2494.0000
950.0000
2136.0000
