#n = 8
284.0000
678.0000
1018.0000
1980.0000
631.0000
1980.0000
1063.0000
1586.0000
669.0000
1210.0000
202.0000
202.0000
1642.0000
1788.0000
202.0000
1065.0000
861.0000
1687.0000
1448.0000
680.0000
532.0000
1504.0000
1302.0000
577.0000
385.0000
678.0000
394.0000
101.0000
1065.0000
1302.0000
917.0000
1595.0000
669.0000
1504.0000
1595.0000
680.0000
1448.0000
1642.0000
1541.0000
476.0000
1210.0000
1687.0000
1687.0000
861.0000
295.0000
1300.0000
1119.0000
1687.0000
385.0000
101.0000
101.0000
962.0000
669.0000
1063.0000
1448.0000
439.0000
1504.0000
1687.0000
1980.0000
192.0000
1311.0000
1065.0000
101.0000
926.0000
