#n = 15
1008.0000
2869.0000
3579.0000
1394.0000
382.0000
709.0000
2305.0000
1297.0000
3368.0000
3164.0000
2797.0000
3629.0000
1689.0000
378.0000
810.0000
592.0000
847.0000
1448.0000
2692.0000
1865.0000
378.0000
3629.0000
3579.0000
2081.0000
3334.0000
2546.0000
655.0000
378.0000
1890.0000
2867.0000
1739.0000
2742.0000
2974.0000
2435.0000
1739.0000
592.0000
802.0000
385.0000
3244.0000
1966.0000
3443.0000
3189.0000
1940.0000
1483.0000
362.0000
2612.0000
392.0000
362.0000
1467.0000
1966.0000
483.0000
2539.0000
665.0000
261.0000
3629.0000
2404.0000
1786.0000
3443.0000
1940.0000
2983.0000
186.0000
802.0000
291.0000
1843.0000
3575.0000
651.0000
2797.0000
1192.0000
364.0000
3265.0000
1548.0000
3629.0000
1739.0000
552.0000
2586.0000
3140.0000
1970.0000
1570.0000
897.0000
1865.0000
1786.0000
747.0000
1548.0000
3164.0000
1845.0000
2819.0000
1301.0000
2330.0000
1845.0000
3629.0000
1378.0000
207.0000
3629.0000
3629.0000
3629.0000
954.0000
1394.0000
1890.0000
1970.0000
1275.0000
2437.0000
3338.0000
3189.0000
1083.0000
101.0000
1324.0000
2742.0000
3267.0000
1033.0000
1394.0000
2107.0000
3077.0000
2332.0000
2204.0000
2305.0000
810.0000
1297.0000
2146.0000
756.0000
747.0000
832.0000
1194.0000
937.0000
2974.0000
1585.0000
1194.0000
3629.0000
1516.0000
2305.0000
1105.0000
1301.0000
1192.0000
3629.0000
1940.0000
3237.0000
515.0000
2332.0000
2332.0000
1843.0000
440.0000
2442.0000
3629.0000
802.0000
1090.0000
847.0000
1548.0000
1940.0000
1140.0000
3077.0000
3629.0000
1192.0000
3189.0000
2162.0000
1324.0000
1249.0000
2524.0000
1249.0000
2328.0000
1579.0000
2404.0000
1402.0000
1324.0000
241.0000
364.0000
2612.0000
1890.0000
2354.0000
1570.0000
2204.0000
1784.0000
3244.0000
1585.0000
261.0000
3532.0000
916.0000
3629.0000
3037.0000
646.0000
847.0000
3244.0000
465.0000
2742.0000
1324.0000
2873.0000
3189.0000
3164.0000
54.0000
364.0000
2596.0000
2278.0000
192.0000
2332.0000
2586.0000
2924.0000
1008.0000
3437.0000
2442.0000
1526.0000
2006.0000
1249.0000
2782.0000
1297.0000
2692.0000
362.0000
3629.0000
1940.0000
1090.0000
54.0000
552.0000
54.0000
2596.0000
1987.0000
1845.0000
1843.0000
3629.0000
2181.0000
2305.0000
1299.0000
802.0000
3422.0000
1987.0000
1083.0000
54.0000
1784.0000
3265.0000
