#n = 17
3305.0000
393.0000
2934.0000
1121.0000
3431.0000
1288.0000
3229.0000
4337.0000
3582.0000
3828.0000
2105.0000
3491.0000
3491.0000
3657.0000
609.0000
2446.0000
2185.0000
4040.0000
1288.0000
2177.0000
2901.0000
557.0000
3952.0000
1188.0000
837.0000
4099.0000
3952.0000
3738.0000
3365.0000
2053.0000
1436.0000
402.0000
3135.0000
4337.0000
3567.0000
992.0000
207.0000
2653.0000
393.0000
2294.0000
1121.0000
2769.0000
4099.0000
2686.0000
3265.0000
956.0000
1891.0000
2570.0000
4200.0000
295.0000
1595.0000
1651.0000
4337.0000
837.0000
2772.0000
1065.0000
846.0000
3542.0000
2282.0000
4157.0000
2625.0000
3340.0000
3904.0000
80.0000
1251.0000
2742.0000
4221.0000
2477.0000
1506.0000
1997.0000
3294.0000
1288.0000
2446.0000
2173.0000
3265.0000
817.0000
1862.0000
2676.0000
3294.0000
3864.0000
2468.0000
3216.0000
3944.0000
4337.0000
1869.0000
2955.0000
1454.0000
2043.0000
1847.0000
1382.0000
1552.0000
364.0000
3511.0000
371.0000
2490.0000
1072.0000
3864.0000
4337.0000
3662.0000
699.0000
2879.0000
3658.0000
3944.0000
473.0000
3638.0000
2180.0000
1759.0000
1010.0000
2164.0000
2474.0000
3431.0000
4041.0000
393.0000
2490.0000
3149.0000
3500.0000
535.0000
3442.0000
2949.0000
402.0000
80.0000
778.0000
4257.0000
393.0000
728.0000
4040.0000
2686.0000
1072.0000
1720.0000
3893.0000
3174.0000
2054.0000
1683.0000
689.0000
2398.0000
393.0000
2043.0000
4157.0000
4337.0000
3010.0000
393.0000
2475.0000
4026.0000
599.0000
2043.0000
1180.0000
1862.0000
2152.0000
1869.0000
1202.0000
1505.0000
2892.0000
2490.0000
3780.0000
3500.0000
3622.0000
3729.0000
1180.0000
3802.0000
3340.0000
2537.0000
2474.0000
1163.0000
1374.0000
3224.0000
4020.0000
942.0000
4337.0000
3766.0000
3738.0000
1889.0000
2785.0000
2157.0000
4200.0000
1581.0000
1425.0000
1477.0000
3285.0000
1163.0000
1290.0000
393.0000
1622.0000
1661.0000
2686.0000
609.0000
1860.0000
1568.0000
1581.0000
4337.0000
2625.0000
2756.0000
1052.0000
4337.0000
4200.0000
2180.0000
679.0000
2448.0000
1113.0000
997.0000
599.0000
3189.0000
2578.0000
402.0000
3224.0000
2537.0000
3189.0000
3567.0000
393.0000
2590.0000
3559.0000
2043.0000
3345.0000
1010.0000
3265.0000
1891.0000
3327.0000
2173.0000
4173.0000
1043.0000
2293.0000
1565.0000
3010.0000
1506.0000
2448.0000
402.0000
2590.0000
2839.0000
1565.0000
3381.0000
3966.0000
1863.0000
1684.0000
3010.0000
3049.0000
3973.0000
2180.0000
4257.0000
3559.0000
609.0000
4131.0000
612.0000
1454.0000
296.0000
997.0000
1113.0000
296.0000
817.0000
2340.0000
3648.0000
4337.0000
817.0000
3904.0000
4026.0000
675.0000
770.0000
2053.0000
1108.0000
2715.0000
675.0000
509.0000
2185.0000
2468.0000
1581.0000
992.0000
2570.0000
3294.0000
3294.0000
3952.0000
4042.0000
1651.0000
1108.0000
393.0000
1860.0000
1354.0000
1595.0000
2839.0000
2282.0000
4337.0000
1568.0000
3944.0000
2260.0000
393.0000
3966.0000
3381.0000
3828.0000
1217.0000
2446.0000
80.0000
1863.0000
