#n = 14
721.0000
1067.0000
97.0000
2736.0000
2329.0000
147.0000
2228.0000
975.0000
1046.0000
2103.0000
1046.0000
2736.0000
903.0000
2736.0000
1591.0000
1918.0000
717.0000
2131.0000
2736.0000
358.0000
2523.0000
1453.0000
2736.0000
1087.0000
259.0000
1505.0000
328.0000
1358.0000
2015.0000
637.0000
2019.0000
705.0000
396.0000
1998.0000
1868.0000
2426.0000
1490.0000
2050.0000
1032.0000
2261.0000
721.0000
983.0000
1761.0000
1720.0000
2736.0000
1562.0000
721.0000
2736.0000
50.0000
1453.0000
868.0000
1046.0000
1246.0000
2103.0000
2736.0000
1690.0000
271.0000
1737.0000
2081.0000
587.0000
2635.0000
919.0000
1095.0000
1524.0000
1283.0000
2523.0000
213.0000
2736.0000
1212.0000
2572.0000
2313.0000
1704.0000
1649.0000
2376.0000
999.0000
2340.0000
1690.0000
1669.0000
868.0000
2228.0000
1969.0000
360.0000
1649.0000
1507.0000
2000.0000
2228.0000
2340.0000
2116.0000
524.0000
2736.0000
818.0000
2127.0000
1067.0000
328.0000
467.0000
164.0000
541.0000
97.0000
2269.0000
2000.0000
1641.0000
2191.0000
2103.0000
2736.0000
931.0000
1817.0000
2635.0000
2736.0000
587.0000
2015.0000
2000.0000
1338.0000
407.0000
1358.0000
1505.0000
1046.0000
903.0000
2624.0000
1032.0000
868.0000
1398.0000
2523.0000
1046.0000
721.0000
2736.0000
2370.0000
183.0000
874.0000
1212.0000
1174.0000
101.0000
1690.0000
2099.0000
2736.0000
655.0000
1524.0000
2269.0000
2527.0000
2149.0000
1524.0000
213.0000
2313.0000
2195.0000
1095.0000
2736.0000
328.0000
50.0000
97.0000
112.0000
1395.0000
213.0000
97.0000
1046.0000
2157.0000
717.0000
545.0000
2261.0000
1524.0000
868.0000
164.0000
2572.0000
209.0000
2635.0000
1032.0000
101.0000
1100.0000
579.0000
508.0000
2736.0000
2736.0000
655.0000
609.0000
633.0000
2639.0000
1182.0000
721.0000
833.0000
97.0000
738.0000
2031.0000
1395.0000
2572.0000
2639.0000
2408.0000
508.0000
2572.0000
1886.0000
1184.0000
259.0000
717.0000
818.0000
1867.0000
975.0000
2426.0000
362.0000
2103.0000
