#n = 18
4119.0000
609.0000
2549.0000
1747.0000
3433.0000
1187.0000
3984.0000
4231.0000
3026.0000
1594.0000
1400.0000
619.0000
1779.0000
2204.0000
1541.0000
3083.0000
3299.0000
356.0000
3869.0000
1160.0000
1002.0000
2346.0000
2009.0000
282.0000
2366.0000
3168.0000
1153.0000
4231.0000
2252.0000
952.0000
1727.0000
2112.0000
3763.0000
913.0000
2716.0000
1179.0000
3052.0000
4231.0000
2825.0000
1682.0000
3794.0000
115.0000
4116.0000
4046.0000
680.0000
619.0000
1526.0000
3918.0000
750.0000
3551.0000
3325.0000
3165.0000
2546.0000
1682.0000
4049.0000
456.0000
1066.0000
2578.0000
3197.0000
4231.0000
3612.0000
3449.0000
4231.0000
298.0000
1137.0000
781.0000
610.0000
3094.0000
3680.0000
185.0000
1672.0000
2139.0000
3661.0000
792.0000
3875.0000
890.0000
1929.0000
1341.0000
313.0000
3229.0000
3623.0000
253.0000
1412.0000
3979.0000
1044.0000
2070.0000
1500.0000
1291.0000
2915.0000
2963.0000
3072.0000
907.0000
2469.0000
4231.0000
3612.0000
4231.0000
1216.0000
3797.0000
2916.0000
2751.0000
597.0000
2407.0000
2690.0000
3370.0000
3806.0000
534.0000
1940.0000
545.0000
2134.0000
247.0000
3435.0000
182.0000
2296.0000
434.0000
1642.0000
3078.0000
1075.0000
3634.0000
2447.0000
3846.0000
252.0000
112.0000
2831.0000
434.0000
932.0000
3664.0000
185.0000
367.0000
1671.0000
1824.0000
1688.0000
3265.0000
1750.0000
1365.0000
247.0000
498.0000
3003.0000
638.0000
4049.0000
906.0000
1268.0000
1104.0000
1767.0000
2731.0000
551.0000
1865.0000
608.0000
3933.0000
100.0000
3593.0000
2392.0000
362.0000
252.0000
2560.0000
3324.0000
2291.0000
3365.0000
4019.0000
437.0000
1979.0000
1685.0000
1572.0000
1571.0000
4231.0000
2481.0000
3686.0000
798.0000
4231.0000
1205.0000
614.0000
3876.0000
4231.0000
4231.0000
2705.0000
3949.0000
3984.0000
1885.0000
1390.0000
1248.0000
2940.0000
3187.0000
2092.0000
1951.0000
4046.0000
1118.0000
3044.0000
355.0000
1043.0000
4231.0000
820.0000
1503.0000
1228.0000
2819.0000
3481.0000
2728.0000
2801.0000
4231.0000
981.0000
3733.0000
2983.0000
3439.0000
2559.0000
2504.0000
1248.0000
1784.0000
966.0000
1430.0000
3071.0000
425.0000
1867.0000
3279.0000
499.0000
2589.0000
3450.0000
2464.0000
182.0000
1034.0000
1647.0000
2181.0000
2161.0000
2771.0000
3113.0000
4231.0000
1515.0000
1004.0000
3663.0000
2109.0000
2187.0000
681.0000
3156.0000
3127.0000
2369.0000
4131.0000
3864.0000
1389.0000
570.0000
3015.0000
2731.0000
3341.0000
822.0000
2307.0000
2122.0000
3512.0000
2937.0000
1500.0000
3409.0000
866.0000
861.0000
2549.0000
2637.0000
385.0000
4231.0000
782.0000
1148.0000
1949.0000
2731.0000
3550.0000
2660.0000
1315.0000
3617.0000
796.0000
719.0000
1480.0000
3571.0000
212.0000
2584.0000
2097.0000
362.0000
2364.0000
1762.0000
3350.0000
3775.0000
1406.0000
3732.0000
2119.0000
881.0000
3622.0000
1316.0000
3697.0000
3869.0000
2452.0000
1653.0000
3188.0000
1862.0000
3411.0000
3250.0000
1063.0000
2890.0000
2297.0000
2302.0000
2027.0000
4231.0000
468.0000
2044.0000
1924.0000
4231.0000
1159.0000
4231.0000
2842.0000
2282.0000
1935.0000
2484.0000
3227.0000
3318.0000
1839.0000
2222.0000
1460.0000
2280.0000
3978.0000
567.0000
2841.0000
3621.0000
2659.0000
2543.0000
1934.0000
2050.0000
2983.0000
1500.0000
2866.0000
1294.0000
568.0000
3979.0000
660.0000
3797.0000
