#n = 9
1227.0000
357.0000
937.0000
405.0000
1046.0000
495.0000
465.0000
358.0000
290.0000
975.0000
473.0000
648.0000
1401.0000
1479.0000
327.0000
707.0000
822.0000
869.0000
1585.0000
115.0000
763.0000
580.0000
1585.0000
685.0000
542.0000
1090.0000
763.0000
330.0000
1332.0000
146.0000
106.0000
1228.0000
793.0000
1585.0000
212.0000
463.0000
221.0000
610.0000
1005.0000
253.0000
1295.0000
551.0000
1585.0000
792.0000
1585.0000
1585.0000
242.0000
716.0000
1585.0000
1043.0000
184.0000
115.0000
1439.0000
1034.0000
1112.0000
900.0000
212.0000
938.0000
539.0000
822.0000
1470.0000
1470.0000
1255.0000
1258.0000
1180.0000
1373.0000
878.0000
1364.0000
1373.0000
1585.0000
327.0000
436.0000
657.0000
1122.0000
1343.0000
1258.0000
647.0000
928.0000
1149.0000
1120.0000
1585.0000
