#n = 17
868.0000
407.0000
3397.0000
2195.0000
212.0000
1771.0000
3855.0000
253.0000
1839.0000
3627.0000
3300.0000
3922.0000
962.0000
3684.0000
3356.0000
1528.0000
698.0000
3336.0000
2764.0000
2801.0000
2394.0000
3237.0000
606.0000
2979.0000
2941.0000
590.0000
3740.0000
3053.0000
2374.0000
1659.0000
4034.0000
2209.0000
2629.0000
3449.0000
3232.0000
2044.0000
2915.0000
4034.0000
1023.0000
2853.0000
113.0000
3485.0000
680.0000
2024.0000
2663.0000
427.0000
1531.0000
2621.0000
3299.0000
1270.0000
2256.0000
417.0000
1825.0000
3166.0000
1091.0000
2195.0000
535.0000
390.0000
61.0000
2263.0000
4034.0000
1583.0000
3921.0000
3556.0000
3054.0000
1055.0000
2246.0000
2715.0000
3175.0000
385.0000
294.0000
3743.0000
3135.0000
1824.0000
2943.0000
1726.0000
2451.0000
3047.0000
1660.0000
2010.0000
4034.0000
549.0000
294.0000
3319.0000
1404.0000
3354.0000
4034.0000
3365.0000
4034.0000
2986.0000
2025.0000
981.0000
976.0000
178.0000
1388.0000
2375.0000
503.0000
2374.0000
3850.0000
2369.0000
1866.0000
3649.0000
2841.0000
3644.0000
1405.0000
734.0000
4034.0000
2759.0000
3822.0000
2121.0000
3011.0000
3422.0000
350.0000
3063.0000
1572.0000
1913.0000
971.0000
1193.0000
384.0000
2078.0000
296.0000
859.0000
1956.0000
3684.0000
1475.0000
1155.0000
669.0000
1346.0000
2506.0000
2394.0000
1276.0000
1952.0000
478.0000
3738.0000
2508.0000
1583.0000
3678.0000
2330.0000
612.0000
4034.0000
1696.0000
4034.0000
3242.0000
1773.0000
4034.0000
2724.0000
3721.0000
2646.0000
1141.0000
2647.0000
715.0000
350.0000
2308.0000
179.0000
684.0000
3237.0000
3856.0000
1181.0000
792.0000
4034.0000
1805.0000
925.0000
3973.0000
256.0000
3428.0000
2602.0000
2338.0000
1778.0000
3438.0000
1704.0000
1387.0000
1233.0000
603.0000
673.0000
637.0000
3065.0000
4034.0000
3617.0000
1511.0000
1640.0000
1048.0000
3650.0000
356.0000
3782.0000
4034.0000
3607.0000
2879.0000
987.0000
585.0000
735.0000
1967.0000
1665.0000
2210.0000
3243.0000
802.0000
3781.0000
1413.0000
3499.0000
1233.0000
3109.0000
848.0000
2261.0000
2630.0000
980.0000
252.0000
1990.0000
2229.0000
184.0000
797.0000
3669.0000
1660.0000
3740.0000
3361.0000
690.0000
1310.0000
2067.0000
1327.0000
1640.0000
313.0000
3058.0000
4034.0000
2451.0000
2559.0000
1526.0000
1839.0000
1275.0000
1660.0000
1215.0000
1482.0000
3072.0000
2017.0000
797.0000
2374.0000
2017.0000
2688.0000
2758.0000
4034.0000
791.0000
2462.0000
3531.0000
112.0000
2585.0000
506.0000
3191.0000
678.0000
3344.0000
2707.0000
77.0000
2373.0000
2759.0000
291.0000
2801.0000
2009.0000
596.0000
4034.0000
2819.0000
2980.0000
2118.0000
1119.0000
3006.0000
969.0000
4034.0000
2503.0000
1916.0000
3186.0000
2168.0000
2893.0000
3444.0000
3778.0000
1054.0000
3528.0000
2552.0000
2082.0000
1432.0000
1319.0000
365.0000
843.0000
899.0000
1275.0000
1028.0000
1788.0000
3431.0000
1449.0000
2523.0000
3957.0000
1661.0000
1371.0000
1093.0000
3350.0000
