#n = 20
384.0000
3452.0000
2358.0000
384.0000
2106.0000
4929.0000
4018.0000
4677.0000
1274.0000
2679.0000
994.0000
1375.0000
2051.0000
3614.0000
4397.0000
3814.0000
106.0000
1266.0000
2309.0000
2547.0000
504.0000
3043.0000
1907.0000
1587.0000
4823.0000
331.0000
3410.0000
4929.0000
4399.0000
4159.0000
3524.0000
1937.0000
2149.0000
1169.0000
2106.0000
2962.0000
1751.0000
1233.0000
2635.0000
2163.0000
4598.0000
3629.0000
146.0000
3166.0000
4929.0000
3552.0000
4306.0000
146.0000
3228.0000
2136.0000
4187.0000
4783.0000
1127.0000
2793.0000
4929.0000
3585.0000
4089.0000
1524.0000
4929.0000
994.0000
888.0000
587.0000
975.0000
4929.0000
2639.0000
4309.0000
4929.0000
3045.0000
4041.0000
1549.0000
610.0000
1658.0000
3228.0000
1377.0000
4293.0000
3230.0000
2032.0000
2816.0000
3908.0000
1081.0000
1583.0000
623.0000
239.0000
4929.0000
3632.0000
3760.0000
589.0000
1897.0000
1140.0000
2533.0000
1539.0000
930.0000
2823.0000
4195.0000
2994.0000
1614.0000
1477.0000
2236.0000
1951.0000
2693.0000
1466.0000
2157.0000
916.0000
3956.0000
3609.0000
4929.0000
1967.0000
701.0000
1378.0000
1022.0000
4203.0000
1967.0000
3225.0000
384.0000
766.0000
2839.0000
1905.0000
1076.0000
1722.0000
4013.0000
182.0000
3999.0000
252.0000
4041.0000
4929.0000
1135.0000
461.0000
2823.0000
4608.0000
3079.0000
4571.0000
1470.0000
3845.0000
204.0000
2492.0000
4255.0000
1483.0000
2321.0000
3390.0000
1526.0000
2430.0000
700.0000
3907.0000
973.0000
2978.0000
1763.0000
4124.0000
3774.0000
4484.0000
3920.0000
355.0000
4929.0000
782.0000
4929.0000
2641.0000
2435.0000
2929.0000
4342.0000
840.0000
350.0000
1227.0000
1297.0000
1617.0000
2057.0000
2608.0000
2883.0000
1805.0000
1910.0000
2502.0000
3663.0000
3207.0000
324.0000
3128.0000
1344.0000
2541.0000
4054.0000
2149.0000
3523.0000
1886.0000
1500.0000
2726.0000
4340.0000
676.0000
911.0000
2437.0000
875.0000
4363.0000
729.0000
4744.0000
636.0000
4543.0000
674.0000
896.0000
734.0000
1699.0000
4929.0000
1405.0000
3124.0000
1807.0000
114.0000
1121.0000
2571.0000
4439.0000
3446.0000
4229.0000
2620.0000
636.0000
2382.0000
770.0000
3405.0000
4293.0000
1406.0000
3904.0000
4016.0000
4929.0000
1696.0000
4673.0000
4013.0000
2294.0000
3284.0000
1092.0000
2780.0000
3459.0000
1701.0000
4425.0000
2931.0000
1320.0000
3271.0000
3312.0000
3551.0000
2499.0000
2772.0000
4545.0000
3802.0000
3668.0000
321.0000
2388.0000
2000.0000
3284.0000
2872.0000
490.0000
1884.0000
4929.0000
3848.0000
3380.0000
1021.0000
2427.0000
580.0000
2494.0000
252.0000
913.0000
1801.0000
1022.0000
3853.0000
1346.0000
3403.0000
2051.0000
4253.0000
3837.0000
402.0000
4747.0000
445.0000
3346.0000
3554.0000
3019.0000
1155.0000
3583.0000
3463.0000
2610.0000
1025.0000
2780.0000
4584.0000
1791.0000
2203.0000
4147.0000
620.0000
4677.0000
4579.0000
3138.0000
3122.0000
1009.0000
4929.0000
299.0000
3655.0000
3342.0000
3702.0000
3696.0000
1315.0000
4033.0000
185.0000
4574.0000
4725.0000
4200.0000
2612.0000
1935.0000
1261.0000
726.0000
3794.0000
4163.0000
2003.0000
1261.0000
2046.0000
530.0000
1519.0000
1300.0000
2396.0000
3019.0000
2250.0000
358.0000
4545.0000
4319.0000
3808.0000
4690.0000
4929.0000
256.0000
4929.0000
4018.0000
4605.0000
2962.0000
623.0000
1850.0000
790.0000
1225.0000
2396.0000
2319.0000
4690.0000
4929.0000
4349.0000
3789.0000
3024.0000
2533.0000
3233.0000
1728.0000
106.0000
2878.0000
4815.0000
888.0000
1553.0000
3907.0000
2897.0000
4494.0000
4929.0000
3022.0000
1115.0000
1616.0000
4823.0000
3315.0000
4630.0000
2113.0000
566.0000
3954.0000
3201.0000
2288.0000
742.0000
386.0000
1701.0000
4139.0000
2926.0000
3935.0000
4228.0000
2638.0000
532.0000
3668.0000
911.0000
3935.0000
2693.0000
2992.0000
2090.0000
3178.0000
2674.0000
2766.0000
1645.0000
4783.0000
4527.0000
239.0000
4579.0000
2317.0000
3313.0000
2291.0000
916.0000
2878.0000
3376.0000
2255.0000
2290.0000
350.0000
805.0000
345.0000
1910.0000
435.0000
4306.0000
2236.0000
4545.0000
1645.0000
3704.0000
1704.0000
1084.0000
3429.0000
1998.0000
3032.0000
4468.0000
