#n = 19
678.0000
2245.0000
311.0000
4325.0000
883.0000
3498.0000
1257.0000
3826.0000
3033.0000
3687.0000
3867.0000
3321.0000
3043.0000
3515.0000
577.0000
1437.0000
1578.0000
294.0000
3645.0000
1361.0000
789.0000
3632.0000
622.0000
3068.0000
3943.0000
499.0000
4031.0000
4171.0000
2747.0000
2858.0000
1505.0000
478.0000
2010.0000
2883.0000
2283.0000
324.0000
2639.0000
443.0000
2820.0000
1270.0000
1121.0000
2943.0000
3728.0000
2466.0000
680.0000
2499.0000
632.0000
943.0000
2254.0000
3263.0000
1937.0000
3331.0000
4325.0000
2304.0000
997.0000
3010.0000
2380.0000
4325.0000
3152.0000
727.0000
4014.0000
2879.0000
1840.0000
2820.0000
4206.0000
3298.0000
3463.0000
273.0000
3144.0000
430.0000
420.0000
1181.0000
716.0000
638.0000
1318.0000
3969.0000
2888.0000
4325.0000
1758.0000
878.0000
2621.0000
1062.0000
2949.0000
317.0000
1672.0000
3069.0000
4325.0000
458.0000
3328.0000
2261.0000
638.0000
862.0000
1791.0000
2375.0000
311.0000
1001.0000
1786.0000
1581.0000
4325.0000
953.0000
1861.0000
604.0000
3447.0000
1209.0000
4325.0000
1686.0000
2648.0000
1257.0000
3442.0000
1503.0000
2947.0000
119.0000
384.0000
3372.0000
105.0000
1048.0000
3547.0000
184.0000
810.0000
3648.0000
2960.0000
2430.0000
1798.0000
4325.0000
2342.0000
185.0000
356.0000
273.0000
778.0000
3131.0000
1505.0000
2064.0000
1004.0000
2080.0000
1173.0000
862.0000
2491.0000
1148.0000
3536.0000
597.0000
1586.0000
4206.0000
2676.0000
4001.0000
3116.0000
1983.0000
1383.0000
568.0000
4264.0000
4004.0000
1983.0000
1834.0000
2585.0000
416.0000
1591.0000
4325.0000
3463.0000
1365.0000
3253.0000
4052.0000
1895.0000
2734.0000
4325.0000
2615.0000
304.0000
2942.0000
392.0000
949.0000
1442.0000
1315.0000
3068.0000
933.0000
1740.0000
3748.0000
3757.0000
2031.0000
2294.0000
1912.0000
1256.0000
3693.0000
3205.0000
4004.0000
126.0000
1649.0000
2256.0000
1393.0000
4140.0000
605.0000
1120.0000
2534.0000
321.0000
2021.0000
2413.0000
2464.0000
311.0000
3382.0000
1859.0000
577.0000
3004.0000
2102.0000
3363.0000
119.0000
3065.0000
2932.0000
256.0000
1565.0000
4325.0000
1292.0000
3905.0000
1465.0000
1321.0000
4008.0000
2327.0000
3847.0000
1260.0000
2739.0000
1960.0000
1378.0000
3424.0000
1467.0000
2539.0000
4199.0000
1446.0000
4069.0000
2639.0000
1274.0000
3720.0000
4014.0000
901.0000
2109.0000
294.0000
799.0000
2142.0000
3007.0000
1889.0000
61.0000
4220.0000
3601.0000
516.0000
3277.0000
2143.0000
1194.0000
2216.0000
4325.0000
2365.0000
1887.0000
1689.0000
4325.0000
4325.0000
3647.0000
2758.0000
3941.0000
3622.0000
2699.0000
2760.0000
394.0000
4021.0000
4325.0000
1072.0000
1567.0000
321.0000
2342.0000
3204.0000
2653.0000
1487.0000
2566.0000
4325.0000
703.0000
988.0000
2838.0000
4325.0000
959.0000
3376.0000
154.0000
3598.0000
3258.0000
3933.0000
2636.0000
1027.0000
2744.0000
2795.0000
1156.0000
3809.0000
1382.0000
2366.0000
584.0000
3216.0000
2388.0000
382.0000
2223.0000
693.0000
3337.0000
2182.0000
2485.0000
4225.0000
1067.0000
3526.0000
1626.0000
3417.0000
2315.0000
3882.0000
1710.0000
1704.0000
1282.0000
1672.0000
3909.0000
677.0000
3748.0000
3169.0000
4014.0000
2567.0000
1998.0000
3703.0000
3931.0000
4031.0000
3177.0000
2822.0000
2071.0000
1376.0000
2436.0000
3895.0000
1959.0000
1639.0000
1686.0000
2653.0000
205.0000
4325.0000
1530.0000
2527.0000
3366.0000
3051.0000
4141.0000
3392.0000
2069.0000
1950.0000
908.0000
4120.0000
3687.0000
1109.0000
2183.0000
2964.0000
2042.0000
3324.0000
4052.0000
994.0000
2860.0000
724.0000
3721.0000
3741.0000
3055.0000
1826.0000
100.0000
4325.0000
1677.0000
962.0000
2438.0000
827.0000
3609.0000
2686.0000
1759.0000
1945.0000
