#n = 10
748.0000
1633.0000
348.0000
577.0000
223.0000
1584.0000
244.0000
109.0000
435.0000
1585.0000
185.0000
251.0000
1699.0000
598.0000
1455.0000
1237.0000
502.0000
1375.0000
1177.0000
992.0000
1448.0000
550.0000
1035.0000
1590.0000
946.0000
424.0000
728.0000
239.0000
1270.0000
951.0000
1699.0000
1052.0000
926.0000
1086.0000
753.0000
509.0000
946.0000
1400.0000
1514.0000
1699.0000
707.0000
369.0000
1190.0000
1699.0000
613.0000
115.0000
773.0000
1101.0000
1515.0000
1197.0000
299.0000
664.0000
184.0000
324.0000
568.0000
178.0000
522.0000
761.0000
1470.0000
1330.0000
1351.0000
857.0000
753.0000
338.0000
1215.0000
229.0000
484.0000
1149.0000
185.0000
1699.0000
1122.0000
687.0000
971.0000
66.0000
1264.0000
1514.0000
647.0000
1361.0000
413.0000
114.0000
1699.0000
1699.0000
1166.0000
462.0000
1460.0000
937.0000
762.0000
1476.0000
1699.0000
1012.0000
842.0000
1521.0000
1131.0000
1275.0000
1286.0000
429.0000
1699.0000
938.0000
533.0000
1699.0000
