#n = 15
2445.0000
309.0000
1620.0000
1939.0000
1522.0000
1942.0000
989.0000
1510.0000
525.0000
321.0000
126.0000
2557.0000
2233.0000
2292.0000
1682.0000
1646.0000
2505.0000
252.0000
428.0000
2631.0000
2145.0000
1527.0000
2353.0000
432.0000
1570.0000
949.0000
2698.0000
1954.0000
852.0000
2450.0000
995.0000
353.0000
614.0000
783.0000
2724.0000
2630.0000
1955.0000
204.0000
2511.0000
2674.0000
1189.0000
1581.0000
2207.0000
1883.0000
1814.0000
2260.0000
733.0000
112.0000
1268.0000
1149.0000
1621.0000
818.0000
1049.0000
2878.0000
2321.0000
1774.0000
1368.0000
2773.0000
756.0000
2878.0000
1358.0000
2428.0000
1018.0000
645.0000
586.0000
2878.0000
154.0000
2569.0000
1926.0000
1171.0000
1617.0000
740.0000
1308.0000
697.0000
672.0000
1232.0000
825.0000
2878.0000
319.0000
1289.0000
1801.0000
1104.0000
924.0000
1735.0000
2307.0000
737.0000
1505.0000
1603.0000
936.0000
2060.0000
2878.0000
2878.0000
2095.0000
2507.0000
2202.0000
1493.0000
2138.0000
105.0000
373.0000
533.0000
499.0000
1941.0000
2107.0000
834.0000
324.0000
1351.0000
2878.0000
1608.0000
2525.0000
875.0000
1707.0000
1610.0000
837.0000
939.0000
1509.0000
2264.0000
2141.0000
212.0000
2464.0000
1729.0000
1143.0000
2181.0000
247.0000
414.0000
1104.0000
1477.0000
2293.0000
585.0000
350.0000
1077.0000
2528.0000
115.0000
1297.0000
771.0000
252.0000
2666.0000
1689.0000
2878.0000
367.0000
2472.0000
2878.0000
450.0000
1373.0000
338.0000
625.0000
937.0000
1369.0000
1356.0000
2878.0000
1064.0000
61.0000
618.0000
1385.0000
2374.0000
2763.0000
2817.0000
2044.0000
985.0000
1121.0000
2626.0000
1774.0000
944.0000
1934.0000
1258.0000
1270.0000
2626.0000
1275.0000
2554.0000
406.0000
1156.0000
680.0000
557.0000
2878.0000
2053.0000
1694.0000
676.0000
2345.0000
952.0000
2198.0000
1829.0000
433.0000
2759.0000
671.0000
1257.0000
2559.0000
1401.0000
1589.0000
1196.0000
2878.0000
2766.0000
1520.0000
2878.0000
2454.0000
248.0000
923.0000
785.0000
2206.0000
1889.0000
2093.0000
2878.0000
1757.0000
504.0000
1722.0000
309.0000
2569.0000
2003.0000
2253.0000
571.0000
2026.0000
2878.0000
1929.0000
2122.0000
1893.0000
2752.0000
2379.0000
371.0000
180.0000
1860.0000
2041.0000
1261.0000
2540.0000
2446.0000
424.0000
119.0000
1184.0000
