#n = 11
220.0000
740.0000
445.0000
106.0000
1628.0000
775.0000
1234.0000
1740.0000
459.0000
1217.0000
660.0000
1879.0000
887.0000
632.0000
333.0000
1772.0000
1584.0000
1992.0000
1547.0000
367.0000
1625.0000
999.0000
252.0000
1886.0000
227.0000
1931.0000
679.0000
115.0000
173.0000
425.0000
1472.0000
888.0000
520.0000
738.0000
1360.0000
772.0000
792.0000
1252.0000
758.0000
112.0000
364.0000
1992.0000
1166.0000
1992.0000
218.0000
887.0000
1992.0000
1105.0000
1105.0000
714.0000
462.0000
1427.0000
1530.0000
1452.0000
626.0000
1659.0000
1878.0000
1313.0000
1027.0000
1220.0000
1774.0000
540.0000
1533.0000
826.0000
1880.0000
1346.0000
313.0000
1645.0000
1992.0000
61.0000
853.0000
1819.0000
1660.0000
1877.0000
113.0000
1452.0000
1332.0000
426.0000
1140.0000
646.0000
1105.0000
1139.0000
887.0000
1254.0000
479.0000
565.0000
1765.0000
1472.0000
1679.0000
1567.0000
347.0000
332.0000
1219.0000
112.0000
965.0000
408.0000
1108.0000
1002.0000
540.0000
1366.0000
993.0000
1104.0000
1992.0000
990.0000
1992.0000
1992.0000
1992.0000
1992.0000
884.0000
1645.0000
114.0000
1566.0000
520.0000
1992.0000
1880.0000
1513.0000
347.0000
1278.0000
1200.0000
852.0000
773.0000
