#n = 16
2758.0000
1418.0000
711.0000
1835.0000
2758.0000
1308.0000
276.0000
878.0000
732.0000
918.0000
976.0000
558.0000
706.0000
2157.0000
2208.0000
2758.0000
2052.0000
1516.0000
792.0000
297.0000
1060.0000
1174.0000
891.0000
948.0000
2398.0000
346.0000
1340.0000
659.0000
1337.0000
1966.0000
2511.0000
626.0000
1468.0000
1814.0000
2043.0000
1769.0000
416.0000
66.0000
2066.0000
459.0000
1143.0000
2216.0000
2390.0000
2213.0000
1494.0000
259.0000
2758.0000
2135.0000
2212.0000
2758.0000
2412.0000
670.0000
432.0000
1061.0000
785.0000
2203.0000
1421.0000
2400.0000
2506.0000
855.0000
809.0000
2163.0000
1257.0000
2405.0000
546.0000
299.0000
550.0000
1949.0000
1493.0000
1197.0000
2758.0000
1100.0000
616.0000
740.0000
2758.0000
441.0000
106.0000
602.0000
114.0000
2200.0000
899.0000
1753.0000
2132.0000
2643.0000
1224.0000
2326.0000
2645.0000
2394.0000
2702.0000
1607.0000
342.0000
115.0000
1501.0000
1487.0000
2482.0000
2692.0000
373.0000
2317.0000
555.0000
1774.0000
1534.0000
252.0000
984.0000
376.0000
2576.0000
2018.0000
989.0000
2758.0000
2416.0000
1784.0000
2681.0000
2505.0000
2099.0000
2758.0000
319.0000
1676.0000
1290.0000
2499.0000
923.0000
944.0000
1264.0000
710.0000
715.0000
1771.0000
1158.0000
1697.0000
1403.0000
1303.0000
2758.0000
1813.0000
1455.0000
2088.0000
368.0000
945.0000
1656.0000
1334.0000
247.0000
1698.0000
2567.0000
2468.0000
2048.0000
958.0000
2202.0000
2382.0000
2026.0000
184.0000
1650.0000
364.0000
1168.0000
1867.0000
2385.0000
1242.0000
708.0000
2439.0000
2142.0000
1234.0000
434.0000
191.0000
1903.0000
2644.0000
2279.0000
1074.0000
2758.0000
290.0000
56.0000
253.0000
2758.0000
598.0000
1156.0000
892.0000
1840.0000
1684.0000
2050.0000
2573.0000
1108.0000
1312.0000
358.0000
1973.0000
240.0000
556.0000
2758.0000
2160.0000
2518.0000
360.0000
1355.0000
2156.0000
1866.0000
1602.0000
1708.0000
2047.0000
1050.0000
1271.0000
1658.0000
1543.0000
2324.0000
542.0000
1561.0000
1859.0000
182.0000
1524.0000
2652.0000
2408.0000
1450.0000
1810.0000
1866.0000
1960.0000
2589.0000
182.0000
601.0000
2574.0000
2758.0000
1883.0000
623.0000
2299.0000
169.0000
2342.0000
1880.0000
2459.0000
600.0000
113.0000
595.0000
736.0000
875.0000
892.0000
1584.0000
2461.0000
1446.0000
1953.0000
2758.0000
2758.0000
1600.0000
77.0000
185.0000
987.0000
1590.0000
805.0000
353.0000
692.0000
350.0000
974.0000
798.0000
1005.0000
1082.0000
479.0000
1151.0000
1265.0000
1215.0000
1800.0000
545.0000
2576.0000
1424.0000
1782.0000
2158.0000
1615.0000
1102.0000
2022.0000
