#n = 8
612.0000
968.0000
1127.0000
1560.0000
1916.0000
948.0000
395.0000
1407.0000
356.0000
789.0000
509.0000
669.0000
242.0000
1062.0000
1737.0000
1489.0000
185.0000
1916.0000
311.0000
1916.0000
936.0000
1674.0000
1121.0000
242.0000
751.0000
1521.0000
433.0000
1731.0000
553.0000
1916.0000
1165.0000
1605.0000
1363.0000
732.0000
1304.0000
795.0000
248.0000
1495.0000
1916.0000
1184.0000
1916.0000
980.0000
1222.0000
1375.0000
553.0000
706.0000
427.0000
1668.0000
179.0000
1210.0000
1483.0000
1674.0000
974.0000
694.0000
1916.0000
1763.0000
421.0000
942.0000
153.0000
854.0000
541.0000
1916.0000
1247.0000
1363.0000
