#n = 12
1545.0000
2108.0000
1498.0000
3043.0000
3043.0000
1424.0000
350.0000
385.0000
651.0000
923.0000
2603.0000
690.0000
2082.0000
3043.0000
2402.0000
792.0000
2290.0000
247.0000
2749.0000
1253.0000
538.0000
253.0000
497.0000
2658.0000
2335.0000
1289.0000
1869.0000
2120.0000
2466.0000
2493.0000
1440.0000
1927.0000
708.0000
1603.0000
3043.0000
1457.0000
3043.0000
935.0000
1586.0000
2796.0000
2174.0000
3043.0000
2299.0000
2253.0000
1749.0000
1864.0000
1431.0000
359.0000
880.0000
904.0000
550.0000
440.0000
2163.0000
2787.0000
2392.0000
2309.0000
1962.0000
1046.0000
1116.0000
1732.0000
113.0000
256.0000
1985.0000
869.0000
426.0000
3043.0000
790.0000
1204.0000
1613.0000
1292.0000
324.0000
1047.0000
1543.0000
2931.0000
2353.0000
1500.0000
292.0000
545.0000
641.0000
2043.0000
2659.0000
2251.0000
1036.0000
1790.0000
2617.0000
2347.0000
1839.0000
1294.0000
1751.0000
1430.0000
577.0000
2864.0000
1997.0000
294.0000
496.0000
2505.0000
2930.0000
1969.0000
1473.0000
2897.0000
2498.0000
146.0000
1996.0000
2677.0000
734.0000
2546.0000
2684.0000
1311.0000
1228.0000
1850.0000
1000.0000
1619.0000
384.0000
1754.0000
366.0000
1179.0000
961.0000
696.0000
2751.0000
2504.0000
3043.0000
3043.0000
1074.0000
3043.0000
2719.0000
179.0000
1570.0000
1612.0000
1058.0000
2547.0000
2693.0000
1174.0000
3043.0000
1081.0000
1815.0000
539.0000
112.0000
2139.0000
2790.0000
744.0000
2007.0000
1193.0000
753.0000
3043.0000
