#n = 14
698.0000
2064.0000
1146.0000
2457.0000
2355.0000
2523.0000
1300.0000
2139.0000
2273.0000
1194.0000
1691.0000
938.0000
1300.0000
347.0000
1415.0000
1704.0000
154.0000
1845.0000
2927.0000
611.0000
179.0000
3106.0000
1415.0000
1897.0000
2628.0000
2650.0000
3106.0000
2361.0000
3106.0000
1594.0000
649.0000
1089.0000
1825.0000
2051.0000
2408.0000
2246.0000
3106.0000
1565.0000
1116.0000
3106.0000
2248.0000
2495.0000
1550.0000
3106.0000
430.0000
1214.0000
1507.0000
355.0000
901.0000
2793.0000
1650.0000
2751.0000
2168.0000
2830.0000
3106.0000
1712.0000
2750.0000
2067.0000
356.0000
1985.0000
967.0000
2327.0000
1126.0000
803.0000
1456.0000
115.0000
745.0000
2551.0000
2715.0000
3106.0000
766.0000
242.0000
2004.0000
1875.0000
289.0000
105.0000
1661.0000
184.0000
704.0000
2436.0000
930.0000
1285.0000
2402.0000
1121.0000
1892.0000
946.0000
1397.0000
1102.0000
2494.0000
636.0000
779.0000
1599.0000
1011.0000
1415.0000
2572.0000
1445.0000
670.0000
2864.0000
2561.0000
751.0000
1281.0000
256.0000
1402.0000
2205.0000
2442.0000
2812.0000
2176.0000
1691.0000
2678.0000
2596.0000
2807.0000
109.0000
2817.0000
1990.0000
2545.0000
294.0000
860.0000
2320.0000
555.0000
2654.0000
612.0000
2991.0000
1912.0000
2160.0000
1100.0000
3106.0000
428.0000
115.0000
987.0000
1636.0000
1709.0000
2997.0000
561.0000
2702.0000
3106.0000
786.0000
833.0000
478.0000
1470.0000
1157.0000
1042.0000
351.0000
391.0000
1806.0000
313.0000
2470.0000
1261.0000
3106.0000
905.0000
1530.0000
858.0000
2759.0000
2201.0000
1806.0000
545.0000
1394.0000
2850.0000
2991.0000
2017.0000
3106.0000
2676.0000
1980.0000
510.0000
790.0000
3106.0000
1209.0000
1231.0000
1821.0000
534.0000
2952.0000
2316.0000
1512.0000
1576.0000
2755.0000
2340.0000
1541.0000
299.0000
2095.0000
276.0000
456.0000
1949.0000
583.0000
2006.0000
1039.0000
2303.0000
1055.0000
452.0000
3001.0000
664.0000
1556.0000
2922.0000
2119.0000
1960.0000
1691.0000
404.0000
3106.0000
