#n = 13
1423.0000
1998.0000
1957.0000
2232.0000
388.0000
347.0000
1167.0000
1493.0000
2345.0000
1802.0000
1924.0000
1184.0000
1314.0000
2054.0000
318.0000
153.0000
2054.0000
487.0000
2345.0000
1710.0000
1567.0000
1717.0000
2120.0000
1340.0000
931.0000
247.0000
2345.0000
56.0000
926.0000
179.0000
2345.0000
460.0000
2289.0000
365.0000
1634.0000
56.0000
1623.0000
2034.0000
691.0000
1352.0000
1962.0000
2166.0000
712.0000
2345.0000
1980.0000
562.0000
2027.0000
252.0000
1896.0000
1002.0000
311.0000
2345.0000
946.0000
1178.0000
291.0000
2192.0000
1858.0000
235.0000
2279.0000
1475.0000
1112.0000
1171.0000
1531.0000
2345.0000
605.0000
477.0000
784.0000
2110.0000
2136.0000
1343.0000
1885.0000
1689.0000
613.0000
1941.0000
1105.0000
870.0000
860.0000
814.0000
2093.0000
2345.0000
2345.0000
543.0000
778.0000
1480.0000
656.0000
1240.0000
2098.0000
1485.0000
383.0000
431.0000
404.0000
444.0000
1872.0000
2345.0000
558.0000
635.0000
865.0000
1161.0000
1005.0000
880.0000
2233.0000
179.0000
1399.0000
113.0000
1049.0000
1489.0000
722.0000
2051.0000
1284.0000
1233.0000
473.0000
294.0000
1419.0000
2166.0000
767.0000
1732.0000
1787.0000
1414.0000
400.0000
1296.0000
1061.0000
1740.0000
421.0000
449.0000
1105.0000
235.0000
1058.0000
1945.0000
2345.0000
2289.0000
1465.0000
1901.0000
1868.0000
1578.0000
66.0000
1644.0000
1240.0000
628.0000
1654.0000
1889.0000
2289.0000
993.0000
2110.0000
209.0000
711.0000
291.0000
1598.0000
2345.0000
456.0000
852.0000
1633.0000
701.0000
225.0000
1845.0000
1287.0000
1783.0000
112.0000
747.0000
1561.0000
856.0000
1031.0000
169.0000
1174.0000
922.0000
500.0000
56.0000
2345.0000
1914.0000
2176.0000
