#n = 17
3885.0000
3409.0000
1460.0000
1458.0000
3054.0000
2076.0000
1563.0000
1601.0000
495.0000
2523.0000
3490.0000
3885.0000
2284.0000
3508.0000
250.0000
1482.0000
3885.0000
1571.0000
2479.0000
3392.0000
3536.0000
848.0000
1824.0000
1075.0000
3508.0000
1084.0000
2168.0000
2390.0000
3885.0000
1458.0000
3769.0000
2081.0000
3392.0000
848.0000
3273.0000
1075.0000
1075.0000
2797.0000
128.0000
1348.0000
701.0000
1972.0000
505.0000
1205.0000
1454.0000
3164.0000
2330.0000
1081.0000
1332.0000
220.0000
3513.0000
3410.0000
2222.0000
495.0000
3409.0000
1848.0000
2677.0000
2330.0000
1834.0000
3885.0000
1460.0000
1238.0000
612.0000
505.0000
3403.0000
128.0000
2661.0000
3274.0000
1322.0000
2523.0000
1673.0000
2680.0000
2081.0000
621.0000
2311.0000
2801.0000
2280.0000
2570.0000
621.0000
233.0000
2309.0000
2677.0000
1810.0000
1075.0000
3513.0000
2222.0000
2661.0000
3264.0000
1958.0000
377.0000
3671.0000
3506.0000
2659.0000
3563.0000
701.0000
3037.0000
2192.0000
1595.0000
738.0000
3554.0000
1571.0000
2787.0000
2810.0000
377.0000
1348.0000
2303.0000
2183.0000
3490.0000
493.0000
598.0000
3671.0000
1453.0000
2659.0000
627.0000
3885.0000
1605.0000
701.0000
3397.0000
2897.0000
1601.0000
220.0000
3768.0000
3885.0000
1848.0000
117.0000
1577.0000
233.0000
1935.0000
331.0000
2909.0000
1075.0000
1362.0000
3037.0000
3156.0000
2687.0000
3885.0000
3506.0000
3274.0000
2652.0000
1206.0000
2427.0000
1582.0000
2659.0000
3885.0000
3056.0000
1693.0000
3769.0000
3159.0000
3258.0000
3287.0000
1482.0000
753.0000
3380.0000
2212.0000
1081.0000
3885.0000
2677.0000
1205.0000
488.0000
1336.0000
233.0000
3563.0000
2330.0000
2431.0000
493.0000
1479.0000
829.0000
1595.0000
2212.0000
1453.0000
1950.0000
2061.0000
3132.0000
1192.0000
3763.0000
1717.0000
358.0000
3885.0000
605.0000
2076.0000
3563.0000
2403.0000
1663.0000
2284.0000
2549.0000
3392.0000
1197.0000
1809.0000
1817.0000
2280.0000
2081.0000
1785.0000
3768.0000
1715.0000
2051.0000
3507.0000
3015.0000
2068.0000
2804.0000
488.0000
358.0000
262.0000
233.0000
2797.0000
220.0000
2537.0000
3508.0000
3056.0000
3506.0000
764.0000
831.0000
1785.0000
884.0000
3885.0000
3280.0000
1095.0000
1824.0000
1246.0000
3280.0000
250.0000
2885.0000
3768.0000
2446.0000
2907.0000
3164.0000
860.0000
1958.0000
3132.0000
1595.0000
2076.0000
2061.0000
262.0000
738.0000
3287.0000
612.0000
717.0000
1460.0000
1663.0000
3885.0000
2390.0000
220.0000
2680.0000
2570.0000
1098.0000
3775.0000
2885.0000
3299.0000
3196.0000
3885.0000
3885.0000
3380.0000
2652.0000
2308.0000
3168.0000
3275.0000
1197.0000
2212.0000
2789.0000
1460.0000
2885.0000
2687.0000
3142.0000
1699.0000
3527.0000
612.0000
3490.0000
2768.0000
3506.0000
3885.0000
1315.0000
1197.0000
1246.0000
3378.0000
2186.0000
1238.0000
3775.0000
598.0000
726.0000
3280.0000
3031.0000
3513.0000
2563.0000
3885.0000
1084.0000
3635.0000
322.0000
3409.0000
1087.0000
214.0000
