#n = 13
2945.0000
2024.0000
2388.0000
1944.0000
915.0000
3340.0000
3340.0000
2013.0000
2689.0000
2997.0000
244.0000
481.0000
824.0000
2391.0000
2574.0000
1310.0000
266.0000
1396.0000
3126.0000
3126.0000
2027.0000
2518.0000
949.0000
3340.0000
1327.0000
1327.0000
3340.0000
1902.0000
2315.0000
2602.0000
2603.0000
395.0000
1316.0000
1144.0000
244.0000
1266.0000
1902.0000
3340.0000
1891.0000
312.0000
256.0000
312.0000
1022.0000
2689.0000
824.0000
3340.0000
3340.0000
2445.0000
2528.0000
3212.0000
2945.0000
2030.0000
2906.0000
1530.0000
2291.0000
1218.0000
122.0000
1218.0000
2391.0000
1791.0000
1524.0000
2518.0000
578.0000
1438.0000
2512.0000
2796.0000
1368.0000
122.0000
1780.0000
2602.0000
2336.0000
1266.0000
1944.0000
2946.0000
471.0000
1205.0000
2047.0000
1078.0000
2133.0000
1549.0000
738.0000
1774.0000
3340.0000
1566.0000
2906.0000
3218.0000
394.0000
3212.0000
2498.0000
1144.0000
3340.0000
2784.0000
267.0000
915.0000
2425.0000
828.0000
2906.0000
394.0000
1496.0000
1449.0000
1025.0000
266.0000
578.0000
500.0000
1549.0000
3218.0000
2196.0000
1774.0000
1496.0000
544.0000
2784.0000
1218.0000
500.0000
2689.0000
3340.0000
1867.0000
2574.0000
3218.0000
3340.0000
2603.0000
2013.0000
122.0000
2262.0000
3340.0000
2135.0000
2962.0000
2135.0000
2786.0000
773.0000
471.0000
3340.0000
2689.0000
2869.0000
3084.0000
1549.0000
1185.0000
3073.0000
371.0000
2133.0000
3340.0000
610.0000
2024.0000
2027.0000
706.0000
1780.0000
1310.0000
2582.0000
949.0000
1218.0000
361.0000
3126.0000
2445.0000
3340.0000
1171.0000
2047.0000
267.0000
3074.0000
244.0000
481.0000
949.0000
828.0000
2603.0000
2169.0000
3340.0000
1171.0000
1025.0000
1049.0000
1496.0000
950.0000
