#n = 18
1879.0000
3502.0000
2756.0000
2432.0000
600.0000
4449.0000
1280.0000
3790.0000
350.0000
245.0000
1829.0000
1294.0000
3110.0000
755.0000
4715.0000
680.0000
3172.0000
617.0000
618.0000
1213.0000
3585.0000
3359.0000
1294.0000
1618.0000
1622.0000
3585.0000
2818.0000
885.0000
334.0000
4035.0000
2222.0000
2834.0000
2141.0000
1955.0000
1795.0000
350.0000
1795.0000
2422.0000
2760.0000
3389.0000
2572.0000
4119.0000
1461.0000
535.0000
4715.0000
4509.0000
2886.0000
322.0000
1875.0000
4459.0000
2833.0000
603.0000
4134.0000
2317.0000
2317.0000
2916.0000
377.0000
4715.0000
3836.0000
4354.0000
3110.0000
2201.0000
1892.0000
2252.0000
2886.0000
1897.0000
2432.0000
1949.0000
4112.0000
838.0000
961.0000
4390.0000
1274.0000
2317.0000
618.0000
699.0000
1542.0000
1828.0000
933.0000
3102.0000
262.0000
1275.0000
377.0000
1543.0000
2138.0000
2834.0000
3708.0000
2760.0000
3168.0000
617.0000
885.0000
2823.0000
942.0000
325.0000
623.0000
3790.0000
1181.0000
2720.0000
3378.0000
3102.0000
618.0000
3497.0000
4127.0000
933.0000
4653.0000
3497.0000
1326.0000
1521.0000
925.0000
3771.0000
1897.0000
942.0000
671.0000
1337.0000
361.0000
1507.0000
2916.0000
879.0000
2475.0000
1538.0000
1294.0000
588.0000
1356.0000
4093.0000
4338.0000
1804.0000
3208.0000
581.0000
1023.0000
4715.0000
3773.0000
1259.0000
4652.0000
2916.0000
3502.0000
3110.0000
4127.0000
1875.0000
63.0000
3778.0000
3421.0000
1959.0000
2160.0000
1294.0000
1356.0000
2840.0000
863.0000
2761.0000
1199.0000
1218.0000
1550.0000
1622.0000
3685.0000
2886.0000
1622.0000
3853.0000
3771.0000
2398.0000
4715.0000
3877.0000
3782.0000
3122.0000
257.0000
4458.0000
942.0000
596.0000
4127.0000
1240.0000
1652.0000
2095.0000
588.0000
1804.0000
1882.0000
1593.0000
944.0000
488.0000
3960.0000
4453.0000
3421.0000
1636.0000
412.0000
4044.0000
1882.0000
2240.0000
942.0000
334.0000
2499.0000
3413.0000
2834.0000
3177.0000
582.0000
3441.0000
3681.0000
622.0000
3475.0000
1954.0000
4396.0000
488.0000
863.0000
2818.0000
838.0000
4303.0000
4303.0000
257.0000
3254.0000
3441.0000
2840.0000
1804.0000
3421.0000
3235.0000
262.0000
1949.0000
1542.0000
3155.0000
942.0000
4715.0000
596.0000
1294.0000
1882.0000
1652.0000
2504.0000
1861.0000
62.0000
1550.0000
2132.0000
755.0000
4715.0000
2493.0000
4453.0000
2293.0000
2137.0000
3836.0000
4365.0000
1955.0000
1259.0000
1274.0000
1294.0000
1861.0000
4098.0000
3079.0000
2577.0000
377.0000
937.0000
2817.0000
2143.0000
1007.0000
3093.0000
1480.0000
1652.0000
3685.0000
4570.0000
3155.0000
4393.0000
618.0000
3645.0000
1181.0000
4449.0000
745.0000
3836.0000
862.0000
3093.0000
3421.0000
1816.0000
3079.0000
3421.0000
4715.0000
1280.0000
600.0000
1337.0000
3440.0000
2756.0000
1030.0000
2165.0000
4715.0000
3235.0000
4715.0000
1897.0000
3743.0000
879.0000
4035.0000
944.0000
1274.0000
1550.0000
3497.0000
1829.0000
3771.0000
4715.0000
535.0000
2720.0000
1337.0000
657.0000
4372.0000
4120.0000
3097.0000
1804.0000
4115.0000
3102.0000
2761.0000
2132.0000
4653.0000
1875.0000
2833.0000
3173.0000
62.0000
1542.0000
1521.0000
2818.0000
581.0000
2211.0000
596.0000
2143.0000
3421.0000
1829.0000
257.0000
4652.0000
3153.0000
863.0000
3778.0000
1356.0000
262.0000
262.0000
4097.0000
1687.0000
862.0000
