#n = 16
762.0000
2623.0000
1141.0000
2240.0000
2409.0000
1072.0000
787.0000
3485.0000
593.0000
1867.0000
1310.0000
1250.0000
3911.0000
1598.0000
1260.0000
3666.0000
2491.0000
787.0000
2072.0000
2278.0000
2791.0000
426.0000
2160.0000
2061.0000
1105.0000
3124.0000
762.0000
1671.0000
3911.0000
3563.0000
2135.0000
3202.0000
3645.0000
2661.0000
3202.0000
1952.0000
2340.0000
3858.0000
1403.0000
147.0000
1052.0000
2213.0000
2806.0000
2393.0000
3795.0000
1350.0000
348.0000
2601.0000
116.0000
1526.0000
3911.0000
1864.0000
3515.0000
501.0000
1633.0000
1526.0000
1148.0000
3613.0000
1718.0000
2986.0000
3795.0000
691.0000
3100.0000
3911.0000
396.0000
1814.0000
1776.0000
1250.0000
715.0000
3654.0000
787.0000
2776.0000
709.0000
1518.0000
1571.0000
1105.0000
464.0000
664.0000
414.0000
3302.0000
2044.0000
2278.0000
3057.0000
3500.0000
1787.0000
2792.0000
1850.0000
3654.0000
3124.0000
354.0000
53.0000
1774.0000
169.0000
609.0000
1158.0000
3742.0000
527.0000
1914.0000
501.0000
2340.0000
907.0000
116.0000
1350.0000
3485.0000
2574.0000
2676.0000
2313.0000
1502.0000
1526.0000
3513.0000
3650.0000
1959.0000
3911.0000
1839.0000
1158.0000
3049.0000
343.0000
2939.0000
257.0000
1839.0000
343.0000
1649.0000
245.0000
2392.0000
1649.0000
2458.0000
956.0000
3650.0000
2409.0000
1165.0000
2859.0000
1776.0000
878.0000
1959.0000
1403.0000
1235.0000
396.0000
3557.0000
530.0000
3100.0000
2240.0000
2072.0000
1571.0000
3004.0000
1526.0000
2746.0000
501.0000
2160.0000
2415.0000
3911.0000
1105.0000
3911.0000
715.0000
1983.0000
1983.0000
501.0000
1288.0000
2806.0000
1983.0000
2262.0000
878.0000
2047.0000
3563.0000
373.0000
2661.0000
878.0000
545.0000
1892.0000
734.0000
1350.0000
2791.0000
1899.0000
2806.0000
3568.0000
715.0000
854.0000
809.0000
257.0000
691.0000
1718.0000
1148.0000
3384.0000
2278.0000
2240.0000
1633.0000
1928.0000
1052.0000
646.0000
1519.0000
2922.0000
3911.0000
2225.0000
2213.0000
2676.0000
2491.0000
2791.0000
878.0000
1519.0000
373.0000
2623.0000
1892.0000
2746.0000
2922.0000
3654.0000
744.0000
925.0000
3563.0000
3650.0000
3265.0000
2637.0000
3012.0000
1526.0000
2738.0000
862.0000
2137.0000
3049.0000
1420.0000
3004.0000
709.0000
3513.0000
1928.0000
527.0000
3557.0000
2135.0000
2392.0000
1519.0000
257.0000
354.0000
3033.0000
2262.0000
1783.0000
3102.0000
3563.0000
2124.0000
2823.0000
3550.0000
3202.0000
3650.0000
3550.0000
3381.0000
1274.0000
2690.0000
1088.0000
1158.0000
709.0000
2193.0000
3911.0000
1787.0000
3049.0000
3557.0000
2746.0000
145.0000
1751.0000
3485.0000
3766.0000
2574.0000
