#n = 8
1654.0000
787.0000
2293.0000
2293.0000
1261.0000
1309.0000
345.0000
256.0000
2293.0000
1671.0000
2193.0000
2293.0000
501.0000
1409.0000
1590.0000
1261.0000
1207.0000
345.0000
383.0000
1910.0000
1064.0000
1916.0000
1229.0000
358.0000
2293.0000
628.0000
2293.0000
728.0000
1665.0000
1671.0000
1665.0000
1086.0000
1792.0000
2293.0000
2037.0000
1910.0000
2048.0000
622.0000
329.0000
1086.0000
1032.0000
358.0000
1409.0000
1032.0000
2293.0000
622.0000
1792.0000
245.0000
622.0000
245.0000
358.0000
1590.0000
345.0000
1590.0000
639.0000
2048.0000
1129.0000
703.0000
1064.0000
1409.0000
1086.0000
706.0000
1261.0000
100.0000
