#n = 16
527.0000
2485.0000
1649.0000
2246.0000
1751.0000
3911.0000
1867.0000
956.0000
2791.0000
2395.0000
3911.0000
527.0000
3911.0000
3202.0000
3500.0000
762.0000
3102.0000
3563.0000
3293.0000
1518.0000
2746.0000
2806.0000
1519.0000
1350.0000
715.0000
3911.0000
1892.0000
2097.0000
257.0000
3366.0000
2097.0000
3270.0000
1649.0000
1158.0000
3911.0000
989.0000
3057.0000
3410.0000
2124.0000
709.0000
1776.0000
762.0000
1105.0000
2661.0000
956.0000
116.0000
1850.0000
2690.0000
1221.0000
3057.0000
1516.0000
2986.0000
3485.0000
1776.0000
2955.0000
1052.0000
3124.0000
3858.0000
691.0000
1867.0000
787.0000
1649.0000
972.0000
2690.0000
3911.0000
609.0000
426.0000
1983.0000
2806.0000
1274.0000
1649.0000
787.0000
1141.0000
3613.0000
3167.0000
2433.0000
2637.0000
854.0000
2776.0000
3036.0000
2393.0000
1173.0000
2806.0000
2044.0000
3149.0000
3911.0000
53.0000
464.0000
2019.0000
2661.0000
1864.0000
2240.0000
2485.0000
3513.0000
3911.0000
3366.0000
1088.0000
1337.0000
972.0000
145.0000
1850.0000
3410.0000
1892.0000
2922.0000
2395.0000
609.0000
2986.0000
1052.0000
53.0000
2763.0000
2433.0000
3795.0000
2806.0000
361.0000
3270.0000
1273.0000
2340.0000
1519.0000
147.0000
3858.0000
1273.0000
762.0000
3563.0000
3513.0000
2561.0000
646.0000
3911.0000
3911.0000
1274.0000
972.0000
1120.0000
530.0000
3012.0000
1478.0000
2044.0000
3911.0000
3410.0000
854.0000
1899.0000
3911.0000
1120.0000
2240.0000
2240.0000
3167.0000
3270.0000
715.0000
1517.0000
116.0000
3911.0000
3196.0000
3270.0000
1420.0000
3742.0000
2433.0000
2137.0000
1519.0000
1751.0000
2019.0000
3911.0000
2601.0000
907.0000
116.0000
2135.0000
2776.0000
1867.0000
664.0000
744.0000
1814.0000
1135.0000
862.0000
3202.0000
1173.0000
3654.0000
348.0000
2746.0000
3563.0000
709.0000
3149.0000
116.0000
2839.0000
3036.0000
527.0000
1686.0000
1235.0000
1850.0000
3410.0000
354.0000
530.0000
1426.0000
464.0000
3911.0000
3764.0000
3270.0000
925.0000
1892.0000
3202.0000
2806.0000
691.0000
989.0000
3177.0000
3012.0000
734.0000
646.0000
3515.0000
875.0000
3381.0000
1235.0000
2072.0000
972.0000
744.0000
3033.0000
1105.0000
2922.0000
1698.0000
2395.0000
2313.0000
2128.0000
3563.0000
3911.0000
2485.0000
527.0000
2278.0000
2392.0000
3568.0000
1649.0000
1698.0000
2044.0000
169.0000
811.0000
2738.0000
354.0000
1105.0000
1260.0000
956.0000
3318.0000
3447.0000
1959.0000
1518.0000
2939.0000
2508.0000
3270.0000
3911.0000
1892.0000
147.0000
1665.0000
2394.0000
1310.0000
3366.0000
1502.0000
1671.0000
1526.0000
3911.0000
1959.0000
3911.0000
618.0000
2806.0000
