#n = 14
1902.0000
2096.0000
995.0000
1238.0000
3119.0000
2986.0000
769.0000
2951.0000
110.0000
1255.0000
925.0000
1657.0000
2182.0000
3461.0000
2101.0000
2234.0000
2822.0000
632.0000
1834.0000
348.0000
2827.0000
342.0000
1279.0000
2936.0000
1255.0000
2279.0000
3046.0000
2358.0000
2466.0000
1267.0000
2536.0000
2461.0000
2803.0000
2468.0000
3199.0000
2719.0000
2870.0000
2231.0000
2101.0000
2182.0000
1991.0000
995.0000
2576.0000
1870.0000
1524.0000
3100.0000
3084.0000
3461.0000
1591.0000
1572.0000
2516.0000
3218.0000
1360.0000
361.0000
2576.0000
3218.0000
577.0000
2096.0000
1128.0000
658.0000
262.0000
1286.0000
525.0000
1913.0000
133.0000
1117.0000
3113.0000
3461.0000
591.0000
1694.0000
133.0000
2223.0000
1572.0000
2951.0000
232.0000
2328.0000
3218.0000
1767.0000
3461.0000
1603.0000
2194.0000
577.0000
3127.0000
3461.0000
761.0000
925.0000
1267.0000
2061.0000
2182.0000
232.0000
1462.0000
1023.0000
243.0000
1117.0000
3461.0000
577.0000
2231.0000
2061.0000
993.0000
1627.0000
415.0000
3461.0000
243.0000
1858.0000
2223.0000
2206.0000
634.0000
2571.0000
1742.0000
3461.0000
2206.0000
1238.0000
1365.0000
769.0000
110.0000
658.0000
1524.0000
2827.0000
1365.0000
1255.0000
1889.0000
1279.0000
415.0000
110.0000
3229.0000
1858.0000
1591.0000
3461.0000
257.0000
243.0000
2870.0000
1913.0000
2951.0000
1230.0000
896.0000
1267.0000
2536.0000
634.0000
761.0000
1365.0000
591.0000
628.0000
993.0000
1804.0000
1988.0000
415.0000
2870.0000
879.0000
2234.0000
1279.0000
3278.0000
1937.0000
1360.0000
1012.0000
1742.0000
3046.0000
1937.0000
639.0000
2194.0000
262.0000
2438.0000
3461.0000
1524.0000
400.0000
1632.0000
2576.0000
3461.0000
1858.0000
2096.0000
1834.0000
232.0000
1829.0000
623.0000
342.0000
1742.0000
1286.0000
3461.0000
1988.0000
1462.0000
3218.0000
769.0000
945.0000
968.0000
2814.0000
1470.0000
525.0000
2827.0000
885.0000
1767.0000
2814.0000
2328.0000
3061.0000
1536.0000
1255.0000
3218.0000
2466.0000
