#n = 13
1310.0000
2945.0000
1652.0000
2730.0000
2516.0000
2211.0000
1313.0000
343.0000
3340.0000
122.0000
2024.0000
1791.0000
544.0000
2962.0000
2869.0000
3340.0000
1327.0000
1218.0000
1004.0000
266.0000
3074.0000
128.0000
2133.0000
651.0000
1566.0000
371.0000
1449.0000
1293.0000
1524.0000
2518.0000
610.0000
2315.0000
1844.0000
2047.0000
610.0000
1129.0000
824.0000
1206.0000
2390.0000
2859.0000
1022.0000
952.0000
2445.0000
1891.0000
2318.0000
500.0000
3340.0000
361.0000
575.0000
2582.0000
1816.0000
3218.0000
1129.0000
554.0000
3218.0000
2640.0000
773.0000
2762.0000
1844.0000
3340.0000
1601.0000
3074.0000
2840.0000
2567.0000
2784.0000
3212.0000
812.0000
3340.0000
1566.0000
2013.0000
1327.0000
1205.0000
1601.0000
1025.0000
3126.0000
2518.0000
214.0000
2859.0000
1816.0000
3340.0000
1218.0000
610.0000
758.0000
2997.0000
312.0000
2013.0000
3340.0000
2979.0000
2945.0000
773.0000
3340.0000
738.0000
1578.0000
738.0000
1438.0000
737.0000
122.0000
371.0000
1496.0000
2030.0000
2135.0000
1171.0000
2013.0000
2518.0000
1891.0000
394.0000
2962.0000
3084.0000
1774.0000
3340.0000
1368.0000
2134.0000
651.0000
1078.0000
2969.0000
828.0000
2603.0000
2425.0000
1327.0000
1049.0000
1867.0000
1313.0000
3340.0000
2169.0000
949.0000
1810.0000
1601.0000
3212.0000
2945.0000
2640.0000
3340.0000
1791.0000
2574.0000
3218.0000
544.0000
812.0000
1327.0000
700.0000
128.0000
1560.0000
2425.0000
700.0000
2291.0000
1867.0000
1327.0000
2518.0000
343.0000
2155.0000
1293.0000
2134.0000
394.0000
3340.0000
1396.0000
1327.0000
812.0000
2603.0000
2388.0000
822.0000
842.0000
2689.0000
2962.0000
3340.0000
2945.0000
2122.0000
1310.0000
2765.0000
2962.0000
471.0000
2518.0000
