#n = 18
3970.0000
3155.0000
2514.0000
4458.0000
2756.0000
245.0000
3754.0000
2577.0000
3172.0000
4715.0000
3853.0000
1593.0000
3685.0000
1875.0000
4242.0000
4338.0000
2886.0000
4715.0000
879.0000
343.0000
3155.0000
2854.0000
412.0000
2514.0000
412.0000
942.0000
1280.0000
596.0000
745.0000
3435.0000
4372.0000
3743.0000
2137.0000
63.0000
2504.0000
3235.0000
412.0000
2201.0000
1955.0000
4715.0000
618.0000
1294.0000
256.0000
2240.0000
2572.0000
4381.0000
3435.0000
1622.0000
488.0000
1240.0000
618.0000
4449.0000
4133.0000
206.0000
1547.0000
4570.0000
2200.0000
2211.0000
256.0000
3028.0000
343.0000
256.0000
4458.0000
4715.0000
3505.0000
2252.0000
256.0000
1538.0000
4715.0000
2095.0000
657.0000
2463.0000
1829.0000
2572.0000
4715.0000
965.0000
3778.0000
4715.0000
1130.0000
206.0000
4458.0000
1294.0000
3773.0000
4120.0000
2317.0000
1636.0000
965.0000
1218.0000
3085.0000
4112.0000
1622.0000
2463.0000
350.0000
3194.0000
3085.0000
206.0000
972.0000
1034.0000
588.0000
623.0000
2240.0000
1538.0000
2422.0000
1875.0000
4715.0000
603.0000
2834.0000
1543.0000
1881.0000
361.0000
1356.0000
2578.0000
3378.0000
755.0000
4653.0000
4715.0000
4338.0000
2283.0000
2499.0000
3852.0000
3093.0000
4303.0000
1897.0000
942.0000
838.0000
3830.0000
266.0000
588.0000
2756.0000
4715.0000
965.0000
933.0000
1259.0000
1562.0000
2240.0000
4715.0000
2574.0000
3440.0000
603.0000
4035.0000
3177.0000
2583.0000
3441.0000
3153.0000
2920.0000
3475.0000
3194.0000
838.0000
1274.0000
1007.0000
257.0000
1507.0000
2231.0000
1276.0000
2834.0000
4112.0000
4715.0000
3771.0000
3421.0000
3960.0000
4470.0000
2293.0000
1337.0000
3790.0000
1879.0000
933.0000
1210.0000
618.0000
3173.0000
2756.0000
4715.0000
1562.0000
2720.0000
1030.0000
1562.0000
4112.0000
1274.0000
2823.0000
2818.0000
4509.0000
3685.0000
925.0000
2137.0000
3750.0000
1461.0000
3028.0000
3703.0000
595.0000
2283.0000
1012.0000
1550.0000
623.0000
600.0000
1213.0000
1030.0000
595.0000
2583.0000
322.0000
1070.0000
1605.0000
4372.0000
3102.0000
1804.0000
4120.0000
2493.0000
4092.0000
3177.0000
4715.0000
1618.0000
2252.0000
3085.0000
3085.0000
3853.0000
1337.0000
1240.0000
1030.0000
1480.0000
1897.0000
377.0000
322.0000
4653.0000
1030.0000
1879.0000
4715.0000
2620.0000
1636.0000
1521.0000
942.0000
2317.0000
582.0000
657.0000
1954.0000
1652.0000
3681.0000
600.0000
925.0000
1547.0000
325.0000
1816.0000
4715.0000
3790.0000
3708.0000
2422.0000
2899.0000
1593.0000
957.0000
1294.0000
1030.0000
3177.0000
3877.0000
4715.0000
2577.0000
4715.0000
2499.0000
2137.0000
3502.0000
1130.0000
3645.0000
4112.0000
2252.0000
63.0000
3359.0000
2484.0000
4715.0000
957.0000
1130.0000
1034.0000
1547.0000
2240.0000
3439.0000
1875.0000
1995.0000
2132.0000
1799.0000
2095.0000
3173.0000
4715.0000
925.0000
257.0000
2422.0000
582.0000
1302.0000
680.0000
1995.0000
1949.0000
2854.0000
62.0000
4470.0000
937.0000
4715.0000
3681.0000
3754.0000
3681.0000
4459.0000
488.0000
3173.0000
3970.0000
838.0000
3254.0000
2911.0000
2138.0000
4338.0000
3177.0000
1480.0000
3102.0000
4044.0000
4715.0000
3692.0000
4715.0000
1954.0000
2200.0000
4715.0000
2574.0000
862.0000
1804.0000
519.0000
4303.0000
4134.0000
1622.0000
350.0000
1816.0000
2259.0000
2818.0000
1356.0000
