#n = 17
2688.0000
1817.0000
829.0000
2212.0000
475.0000
1601.0000
1804.0000
3885.0000
3775.0000
743.0000
829.0000
1406.0000
3885.0000
3652.0000
3015.0000
854.0000
507.0000
262.0000
3775.0000
2446.0000
2537.0000
2570.0000
848.0000
717.0000
116.0000
1362.0000
2081.0000
3885.0000
3056.0000
2801.0000
398.0000
1192.0000
3184.0000
2290.0000
116.0000
2061.0000
3885.0000
2168.0000
3885.0000
627.0000
398.0000
2479.0000
1482.0000
488.0000
1081.0000
2076.0000
1453.0000
3403.0000
729.0000
3635.0000
2081.0000
3287.0000
3378.0000
2901.0000
3037.0000
1574.0000
3306.0000
2192.0000
586.0000
3142.0000
1098.0000
3287.0000
3507.0000
3763.0000
3665.0000
2432.0000
3275.0000
2037.0000
2897.0000
250.0000
3403.0000
398.0000
3885.0000
848.0000
689.0000
3763.0000
2308.0000
2787.0000
2222.0000
3159.0000
3527.0000
2798.0000
2192.0000
1096.0000
3623.0000
753.0000
3258.0000
1810.0000
988.0000
1804.0000
2100.0000
2661.0000
715.0000
854.0000
3275.0000
2790.0000
1804.0000
378.0000
3665.0000
2549.0000
372.0000
2431.0000
2647.0000
1095.0000
1717.0000
2432.0000
116.0000
2549.0000
3159.0000
3275.0000
1336.0000
1950.0000
3410.0000
1571.0000
2479.0000
1332.0000
3885.0000
829.0000
2403.0000
1950.0000
729.0000
475.0000
717.0000
2652.0000
3164.0000
2432.0000
2212.0000
2427.0000
475.0000
3536.0000
2390.0000
743.0000
848.0000
377.0000
3885.0000
2051.0000
2436.0000
3652.0000
2431.0000
488.0000
233.0000
2068.0000
488.0000
3885.0000
2222.0000
378.0000
3299.0000
2280.0000
1927.0000
2801.0000
3635.0000
1116.0000
3763.0000
2311.0000
1192.0000
3156.0000
495.0000
3527.0000
3410.0000
586.0000
1702.0000
3015.0000
3380.0000
2677.0000
1702.0000
689.0000
2222.0000
988.0000
116.0000
1096.0000
3397.0000
1096.0000
3628.0000
1362.0000
3159.0000
507.0000
233.0000
2677.0000
1449.0000
3513.0000
2308.0000
1246.0000
3287.0000
3273.0000
3885.0000
377.0000
3763.0000
721.0000
2051.0000
3885.0000
988.0000
2652.0000
1950.0000
3671.0000
3885.0000
378.0000
1096.0000
3170.0000
1576.0000
2284.0000
1576.0000
884.0000
1087.0000
1804.0000
3487.0000
110.0000
2549.0000
3635.0000
848.0000
2769.0000
738.0000
3775.0000
1246.0000
475.0000
2436.0000
1785.0000
831.0000
3769.0000
1096.0000
3885.0000
2037.0000
220.0000
1460.0000
3885.0000
2403.0000
3403.0000
3665.0000
1972.0000
1699.0000
2639.0000
2432.0000
2659.0000
3885.0000
1702.0000
1972.0000
2186.0000
1950.0000
621.0000
3506.0000
1810.0000
1673.0000
2768.0000
1935.0000
3563.0000
2051.0000
3652.0000
611.0000
2693.0000
738.0000
2537.0000
1406.0000
3623.0000
2100.0000
1453.0000
3507.0000
3769.0000
3527.0000
1958.0000
3011.0000
2563.0000
3635.0000
2406.0000
764.0000
2537.0000
2212.0000
488.0000
3885.0000
2687.0000
1453.0000
3258.0000
3299.0000
1095.0000
2308.0000
2314.0000
1449.0000
689.0000
2309.0000
3025.0000
257.0000
627.0000
2810.0000
117.0000
586.0000
2330.0000
1226.0000
2810.0000
2693.0000
2885.0000
3757.0000
