#n = 11
1628.0000
1644.0000
2235.0000
1123.0000
1112.0000
2235.0000
1067.0000
2235.0000
982.0000
1178.0000
1968.0000
267.0000
856.0000
607.0000
371.0000
887.0000
2160.0000
660.0000
666.0000
409.0000
371.0000
1057.0000
2235.0000
2235.0000
1348.0000
846.0000
660.0000
1575.0000
2235.0000
1103.0000
1999.0000
1112.0000
521.0000
53.0000
2235.0000
1168.0000
2235.0000
1559.0000
332.0000
1123.0000
289.0000
332.0000
1112.0000
1978.0000
1553.0000
1903.0000
1500.0000
257.0000
1575.0000
810.0000
1569.0000
2235.0000
778.0000
375.0000
322.0000
1221.0000
1253.0000
735.0000
257.0000
1668.0000
289.0000
834.0000
267.0000
834.0000
2235.0000
375.0000
1946.0000
982.0000
1903.0000
371.0000
1575.0000
1826.0000
735.0000
257.0000
1789.0000
1624.0000
660.0000
778.0000
1008.0000
2182.0000
921.0000
2160.0000
611.0000
1903.0000
2235.0000
1314.0000
1634.0000
1860.0000
1978.0000
75.0000
2235.0000
1067.0000
1377.0000
2235.0000
332.0000
858.0000
2235.0000
1668.0000
2235.0000
858.0000
2235.0000
846.0000
676.0000
1132.0000
1723.0000
567.0000
611.0000
2235.0000
1008.0000
1221.0000
1828.0000
1968.0000
334.0000
1668.0000
2235.0000
591.0000
703.0000
982.0000
1067.0000
257.0000
1628.0000
