#n = 19
1560.0000
495.0000
709.0000
4193.0000
3507.0000
3743.0000
2168.0000
3359.0000
2694.0000
1947.0000
2692.0000
1429.0000
1498.0000
1447.0000
3890.0000
3839.0000
133.0000
1027.0000
1864.0000
4312.0000
499.0000
1739.0000
2080.0000
3476.0000
3258.0000
1799.0000
3472.0000
660.0000
3089.0000
2443.0000
2463.0000
516.0000
485.0000
1265.0000
75.0000
3079.0000
1724.0000
3980.0000
3591.0000
2763.0000
2563.0000
749.0000
1340.0000
828.0000
712.0000
868.0000
3366.0000
1365.0000
1824.0000
1916.0000
3258.0000
3719.0000
3636.0000
1796.0000
1481.0000
3298.0000
735.0000
1912.0000
2282.0000
3580.0000
3610.0000
2052.0000
3035.0000
3890.0000
1962.0000
1064.0000
312.0000
656.0000
765.0000
2152.0000
3824.0000
1348.0000
3422.0000
953.0000
343.0000
1796.0000
4242.0000
1691.0000
289.0000
4375.0000
418.0000
2564.0000
4375.0000
4375.0000
2275.0000
1724.0000
842.0000
354.0000
343.0000
1429.0000
4063.0000
3122.0000
1436.0000
2551.0000
1552.0000
4021.0000
4375.0000
3493.0000
2812.0000
4375.0000
787.0000
3311.0000
3472.0000
3431.0000
2275.0000
3464.0000
516.0000
4021.0000
3980.0000
3636.0000
3374.0000
2742.0000
944.0000
2350.0000
2564.0000
300.0000
3847.0000
4375.0000
485.0000
1436.0000
2282.0000
516.0000
3876.0000
739.0000
2948.0000
1296.0000
599.0000
660.0000
942.0000
739.0000
4375.0000
1082.0000
312.0000
942.0000
4375.0000
2340.0000
3666.0000
116.0000
4375.0000
4375.0000
3027.0000
4375.0000
3615.0000
2093.0000
3774.0000
3422.0000
2559.0000
1419.0000
2380.0000
3849.0000
1001.0000
352.0000
1440.0000
1552.0000
2979.0000
3876.0000
1995.0000
3248.0000
2749.0000
2159.0000
1396.0000
4375.0000
2349.0000
1419.0000
2223.0000
1481.0000
2350.0000
2207.0000
476.0000
656.0000
133.0000
551.0000
1198.0000
2463.0000
2784.0000
944.0000
4075.0000
4375.0000
2636.0000
1783.0000
495.0000
476.0000
3359.0000
4300.0000
4300.0000
395.0000
3422.0000
3035.0000
765.0000
1783.0000
2592.0000
2275.0000
4021.0000
2636.0000
3743.0000
1313.0000
599.0000
4161.0000
3899.0000
3224.0000
476.0000
3291.0000
2625.0000
556.0000
1016.0000
2956.0000
4019.0000
3547.0000
183.0000
3880.0000
1811.0000
2625.0000
1009.0000
2651.0000
1429.0000
2636.0000
4312.0000
2994.0000
2380.0000
1591.0000
4375.0000
3899.0000
1932.0000
1348.0000
3444.0000
942.0000
3719.0000
2037.0000
1824.0000
2749.0000
1077.0000
3743.0000
354.0000
2561.0000
3743.0000
3992.0000
2576.0000
3027.0000
2692.0000
3115.0000
2928.0000
2523.0000
528.0000
3035.0000
3849.0000
1691.0000
3992.0000
1617.0000
3636.0000
2100.0000
243.0000
3743.0000
842.0000
214.0000
1612.0000
784.0000
4375.0000
903.0000
1082.0000
1912.0000
3849.0000
3248.0000
2876.0000
2551.0000
395.0000
1265.0000
709.0000
1824.0000
4161.0000
2459.0000
245.0000
3992.0000
1816.0000
1260.0000
1852.0000
1340.0000
4375.0000
4032.0000
3179.0000
2511.0000
1127.0000
1683.0000
2625.0000
4242.0000
3588.0000
3958.0000
2561.0000
4375.0000
1995.0000
2767.0000
4375.0000
3678.0000
1265.0000
1296.0000
289.0000
1724.0000
3374.0000
289.0000
3062.0000
3062.0000
2928.0000
3311.0000
697.0000
2559.0000
3291.0000
4023.0000
236.0000
2767.0000
2627.0000
528.0000
4375.0000
3839.0000
3291.0000
2694.0000
2576.0000
2563.0000
2268.0000
354.0000
3588.0000
4242.0000
3580.0000
3112.0000
1724.0000
2282.0000
1633.0000
2875.0000
300.0000
3859.0000
2523.0000
3177.0000
3291.0000
2347.0000
343.0000
1499.0000
1348.0000
2561.0000
599.0000
839.0000
3776.0000
1947.0000
1263.0000
3507.0000
369.0000
1016.0000
485.0000
2338.0000
1340.0000
1196.0000
3258.0000
994.0000
2216.0000
1001.0000
3610.0000
3719.0000
1001.0000
4063.0000
1440.0000
2128.0000
4375.0000
1348.0000
4375.0000
