#n = 15
471.0000
1907.0000
1996.0000
1819.0000
618.0000
224.0000
3939.0000
476.0000
3815.0000
987.0000
3420.0000
2102.0000
1207.0000
2578.0000
494.0000
4186.0000
996.0000
3045.0000
2856.0000
2555.0000
2802.0000
4186.0000
2913.0000
3416.0000
3345.0000
2043.0000
3962.0000
393.0000
987.0000
3939.0000
702.0000
763.0000
2367.0000
4186.0000
2344.0000
3045.0000
2956.0000
3339.0000
3180.0000
4186.0000
3663.0000
2414.0000
3045.0000
3921.0000
731.0000
4186.0000
4186.0000
2614.0000
1049.0000
1237.0000
3839.0000
535.0000
2226.0000
2956.0000
1960.0000
4186.0000
2956.0000
2586.0000
3692.0000
1741.0000
3121.0000
2573.0000
2913.0000
4186.0000
3812.0000
3484.0000
2331.0000
3615.0000
1604.0000
1577.0000
1380.0000
731.0000
1106.0000
2957.0000
2344.0000
2653.0000
3423.0000
4186.0000
3794.0000
2856.0000
4186.0000
1855.0000
3710.0000
1106.0000
208.0000
1458.0000
978.0000
2591.0000
3692.0000
1065.0000
3568.0000
2591.0000
3839.0000
392.0000
4186.0000
3820.0000
3812.0000
1595.0000
142.0000
731.0000
366.0000
3176.0000
1371.0000
2956.0000
1010.0000
987.0000
1572.0000
1567.0000
3812.0000
1384.0000
2609.0000
3715.0000
2279.0000
2143.0000
3190.0000
494.0000
3568.0000
392.0000
1137.0000
2806.0000
3815.0000
2436.0000
4186.0000
1049.0000
2653.0000
229.0000
1343.0000
1472.0000
2226.0000
3341.0000
4186.0000
841.0000
1631.0000
845.0000
1006.0000
1595.0000
3222.0000
3341.0000
702.0000
3484.0000
1750.0000
618.0000
2235.0000
1772.0000
3199.0000
4186.0000
1842.0000
2856.0000
1106.0000
502.0000
294.0000
1458.0000
265.0000
1106.0000
2032.0000
1371.0000
2555.0000
2608.0000
3345.0000
476.0000
4186.0000
617.0000
2806.0000
2815.0000
3345.0000
3962.0000
494.0000
1631.0000
2714.0000
3573.0000
2189.0000
2445.0000
2326.0000
759.0000
347.0000
847.0000
2614.0000
2043.0000
4186.0000
618.0000
2961.0000
987.0000
2235.0000
766.0000
2043.0000
2913.0000
1666.0000
224.0000
2728.0000
3423.0000
1819.0000
1229.0000
374.0000
4186.0000
3565.0000
2343.0000
3345.0000
2115.0000
1600.0000
1371.0000
3416.0000
1237.0000
3226.0000
3794.0000
1207.0000
2520.0000
1013.0000
2843.0000
3049.0000
294.0000
224.0000
3921.0000
3427.0000
1996.0000
1013.0000
4186.0000
1006.0000
841.0000
2578.0000
3820.0000
471.0000
2378.0000
2728.0000
224.0000
1049.0000
