#n = 20
1223.0000
4098.0000
1382.0000
3171.0000
327.0000
2676.0000
3284.0000
782.0000
4499.0000
854.0000
1585.0000
3345.0000
358.0000
343.0000
4424.0000
3171.0000
709.0000
4364.0000
2689.0000
3221.0000
343.0000
5202.0000
75.0000
4849.0000
2671.0000
5092.0000
2815.0000
4118.0000
3106.0000
1336.0000
1084.0000
993.0000
4762.0000
958.0000
4593.0000
2539.0000
1918.0000
3132.0000
300.0000
182.0000
2827.0000
4179.0000
3551.0000
3645.0000
110.0000
4361.0000
782.0000
3831.0000
738.0000
185.0000
1496.0000
2387.0000
2215.0000
327.0000
2814.0000
2180.0000
5202.0000
1885.0000
2996.0000
4731.0000
1675.0000
1853.0000
1981.0000
2096.0000
4364.0000
1796.0000
4483.0000
4657.0000
3158.0000
3928.0000
3006.0000
4254.0000
3773.0000
1557.0000
3762.0000
1249.0000
145.0000
1429.0000
2815.0000
3014.0000
3037.0000
1249.0000
4611.0000
4299.0000
3686.0000
2904.0000
2546.0000
3928.0000
3866.0000
1023.0000
1994.0000
3242.0000
1675.0000
4720.0000
2899.0000
2228.0000
63.0000
5202.0000
5202.0000
4062.0000
2687.0000
2974.0000
3649.0000
2934.0000
2515.0000
4299.0000
4042.0000
719.0000
2858.0000
2001.0000
406.0000
2389.0000
2689.0000
2869.0000
2075.0000
2515.0000
145.0000
2739.0000
4544.0000
3551.0000
2333.0000
3686.0000
4957.0000
243.0000
4246.0000
4731.0000
4240.0000
3771.0000
267.0000
343.0000
4668.0000
3773.0000
591.0000
1248.0000
5202.0000
3296.0000
471.0000
5074.0000
1386.0000
182.0000
846.0000
2669.0000
841.0000
658.0000
3317.0000
110.0000
377.0000
350.0000
4836.0000
1382.0000
491.0000
4611.0000
5127.0000
2671.0000
3473.0000
4875.0000
1869.0000
2546.0000
3380.0000
3372.0000
1681.0000
4544.0000
1104.0000
2196.0000
2070.0000
4959.0000
2246.0000
921.0000
2044.0000
1351.0000
2987.0000
1274.0000
3309.0000
5202.0000
2278.0000
4852.0000
4513.0000
3979.0000
4163.0000
1382.0000
2281.0000
2656.0000
3204.0000
1981.0000
4171.0000
4419.0000
4483.0000
2387.0000
1516.0000
428.0000
4935.0000
1585.0000
245.0000
1681.0000
1853.0000
2869.0000
4509.0000
3820.0000
481.0000
4062.0000
4711.0000
3775.0000
4509.0000
1039.0000
3037.0000
1885.0000
4493.0000
2180.0000
5202.0000
4464.0000
366.0000
63.0000
1249.0000
838.0000
1516.0000
4849.0000
3167.0000
1104.0000
2687.0000
1382.0000
534.0000
3201.0000
3458.0000
4540.0000
962.0000
4018.0000
5202.0000
2196.0000
2463.0000
4307.0000
1429.0000
350.0000
4275.0000
2515.0000
4852.0000
2463.0000
5202.0000
4544.0000
593.0000
3773.0000
4796.0000
4852.0000
2546.0000
3953.0000
4062.0000
343.0000
4807.0000
440.0000
1585.0000
5202.0000
1005.0000
3201.0000
4018.0000
1431.0000
4420.0000
2333.0000
1744.0000
1336.0000
1624.0000
3208.0000
1906.0000
1427.0000
4513.0000
2303.0000
2526.0000
2594.0000
1223.0000
3284.0000
2858.0000
2060.0000
2268.0000
2389.0000
5202.0000
2169.0000
1429.0000
4593.0000
1744.0000
3406.0000
4807.0000
1557.0000
3851.0000
4844.0000
327.0000
2463.0000
841.0000
3851.0000
4540.0000
2268.0000
243.0000
1431.0000
783.0000
440.0000
534.0000
2001.0000
4711.0000
4483.0000
2827.0000
3508.0000
4348.0000
312.0000
3979.0000
353.0000
5092.0000
2180.0000
4825.0000
1184.0000
5057.0000
956.0000
300.0000
703.0000
4166.0000
1223.0000
63.0000
2389.0000
4607.0000
4849.0000
3309.0000
4957.0000
2974.0000
3649.0000
2924.0000
5064.0000
3380.0000
4611.0000
4171.0000
1624.0000
2869.0000
4558.0000
267.0000
5092.0000
1427.0000
5202.0000
2515.0000
1479.0000
927.0000
5202.0000
4575.0000
593.0000
2513.0000
948.0000
4720.0000
4720.0000
4179.0000
4902.0000
4544.0000
2546.0000
1994.0000
1140.0000
3649.0000
3201.0000
2815.0000
1386.0000
3712.0000
1651.0000
3106.0000
2533.0000
2663.0000
2889.0000
1651.0000
3712.0000
5202.0000
2904.0000
2889.0000
491.0000
3999.0000
4774.0000
1869.0000
1624.0000
3115.0000
5020.0000
4935.0000
3521.0000
145.0000
3372.0000
2987.0000
1429.0000
343.0000
948.0000
3158.0000
4902.0000
5139.0000
2997.0000
1994.0000
3022.0000
3167.0000
1853.0000
4657.0000
2869.0000
4307.0000
3309.0000
4209.0000
4902.0000
3171.0000
1503.0000
2246.0000
1039.0000
267.0000
2294.0000
534.0000
1906.0000
