#n = 20
3562.0000
846.0000
1784.0000
1864.0000
3830.0000
176.0000
799.0000
3908.0000
4104.0000
597.0000
3662.0000
633.0000
228.0000
534.0000
1656.0000
1986.0000
4259.0000
2003.0000
2995.0000
3043.0000
1165.0000
2086.0000
1861.0000
3043.0000
3112.0000
1750.0000
122.0000
1023.0000
64.0000
1857.0000
3109.0000
2203.0000
240.0000
2509.0000
3382.0000
3334.0000
3868.0000
2849.0000
4259.0000
1165.0000
285.0000
277.0000
1026.0000
697.0000
2509.0000
4037.0000
2738.0000
1784.0000
1341.0000
1379.0000
1026.0000
2038.0000
3397.0000
3142.0000
3868.0000
669.0000
3194.0000
3742.0000
3868.0000
122.0000
2947.0000
877.0000
565.0000
3821.0000
3171.0000
4104.0000
1291.0000
2802.0000
3659.0000
288.0000
2051.0000
1410.0000
3483.0000
3816.0000
3753.0000
4259.0000
3320.0000
506.0000
1803.0000
3689.0000
2564.0000
1718.0000
3974.0000
2320.0000
229.0000
3051.0000
2509.0000
1943.0000
2632.0000
3550.0000
2947.0000
3658.0000
3753.0000
886.0000
3537.0000
1714.0000
438.0000
2296.0000
3339.0000
1861.0000
3320.0000
2954.0000
597.0000
4259.0000
1416.0000
210.0000
3197.0000
189.0000
2744.0000
549.0000
4259.0000
4259.0000
3255.0000
1939.0000
1271.0000
1714.0000
1312.0000
2398.0000
3197.0000
2795.0000
3772.0000
2979.0000
2949.0000
1473.0000
3982.0000
1427.0000
1570.0000
229.0000
424.0000
2882.0000
4201.0000
3659.0000
1473.0000
1635.0000
1627.0000
898.0000
3171.0000
2865.0000
930.0000
3659.0000
4259.0000
2398.0000
3742.0000
3142.0000
391.0000
4259.0000
1377.0000
4259.0000
3918.0000
4070.0000
2880.0000
539.0000
288.0000
4070.0000
3072.0000
3590.0000
2445.0000
1857.0000
2427.0000
3720.0000
4195.0000
697.0000
1023.0000
1857.0000
2802.0000
3197.0000
1939.0000
930.0000
3662.0000
4037.0000
4201.0000
3742.0000
4049.0000
2056.0000
877.0000
2664.0000
2624.0000
862.0000
3753.0000
2256.0000
3974.0000
1685.0000
1992.0000
2054.0000
3043.0000
4259.0000
1942.0000
611.0000
3110.0000
4259.0000
2032.0000
1416.0000
3110.0000
3888.0000
277.0000
1170.0000
877.0000
710.0000
2769.0000
2738.0000
375.0000
3175.0000
2664.0000
1504.0000
391.0000
1714.0000
1656.0000
2086.0000
3413.0000
2203.0000
3725.0000
1457.0000
4259.0000
3658.0000
873.0000
2947.0000
1787.0000
4259.0000
3386.0000
2564.0000
1942.0000
1608.0000
1305.0000
1685.0000
3322.0000
1942.0000
487.0000
1457.0000
1656.0000
1522.0000
4030.0000
3373.0000
4259.0000
3942.0000
1499.0000
1280.0000
3397.0000
3942.0000
4070.0000
1244.0000
4040.0000
1662.0000
4259.0000
1457.0000
219.0000
3291.0000
1939.0000
2545.0000
2545.0000
2564.0000
846.0000
517.0000
3255.0000
4049.0000
1803.0000
1254.0000
4201.0000
910.0000
3015.0000
1521.0000
424.0000
2336.0000
1394.0000
2273.0000
189.0000
4201.0000
3918.0000
202.0000
240.0000
2786.0000
1170.0000
1187.0000
601.0000
517.0000
3549.0000
2317.0000
2475.0000
4259.0000
2689.0000
3830.0000
1433.0000
2979.0000
565.0000
1734.0000
1963.0000
1280.0000
3626.0000
4031.0000
2056.0000
3173.0000
4259.0000
240.0000
3942.0000
3291.0000
601.0000
2203.0000
2605.0000
1803.0000
2232.0000
2221.0000
429.0000
4137.0000
2427.0000
1490.0000
3971.0000
2545.0000
3483.0000
2366.0000
3590.0000
1861.0000
2363.0000
4259.0000
898.0000
513.0000
64.0000
1341.0000
1504.0000
324.0000
1426.0000
1165.0000
1861.0000
1088.0000
1734.0000
794.0000
1599.0000
2755.0000
1595.0000
3868.0000
1798.0000
2227.0000
1499.0000
2949.0000
1733.0000
64.0000
3197.0000
986.0000
4019.0000
3884.0000
1676.0000
2660.0000
1504.0000
2086.0000
4201.0000
3544.0000
4259.0000
2208.0000
886.0000
1515.0000
1798.0000
3465.0000
597.0000
776.0000
2786.0000
3320.0000
600.0000
3112.0000
58.0000
722.0000
3460.0000
776.0000
1515.0000
3236.0000
1426.0000
3982.0000
3710.0000
1939.0000
2205.0000
547.0000
393.0000
1734.0000
2445.0000
2086.0000
2126.0000
3971.0000
3206.0000
3460.0000
988.0000
4035.0000
2865.0000
1359.0000
3175.0000
1312.0000
2880.0000
2395.0000
2773.0000
4030.0000
2979.0000
4259.0000
3646.0000
3830.0000
1803.0000
2267.0000
3549.0000
3549.0000
968.0000
1062.0000
3646.0000
1595.0000
487.0000
2296.0000
