#n = 14
3351.0000
1473.0000
1279.0000
1023.0000
3204.0000
2814.0000
122.0000
1640.0000
267.0000
1510.0000
3461.0000
2182.0000
1133.0000
1279.0000
3461.0000
2571.0000
1103.0000
1267.0000
3194.0000
993.0000
1834.0000
2061.0000
1821.0000
232.0000
1267.0000
1834.0000
1257.0000
647.0000
183.0000
1829.0000
3461.0000
1012.0000
1462.0000
3061.0000
2829.0000
1742.0000
1902.0000
1657.0000
232.0000
1991.0000
3119.0000
3204.0000
232.0000
834.0000
1991.0000
3046.0000
3229.0000
968.0000
267.0000
3127.0000
3046.0000
885.0000
1227.0000
1603.0000
591.0000
2582.0000
639.0000
3194.0000
1510.0000
1182.0000
2344.0000
2827.0000
3351.0000
1719.0000
1286.0000
2101.0000
2571.0000
2565.0000
2358.0000
3100.0000
2449.0000
2924.0000
1991.0000
2438.0000
2936.0000
183.0000
1012.0000
3046.0000
3204.0000
2061.0000
577.0000
2870.0000
1103.0000
2358.0000
537.0000
2924.0000
1913.0000
2576.0000
2096.0000
1182.0000
879.0000
1632.0000
377.0000
834.0000
2822.0000
1627.0000
1858.0000
2468.0000
702.0000
1267.0000
2206.0000
3168.0000
1230.0000
2449.0000
1889.0000
2829.0000
577.0000
2924.0000
2223.0000
2822.0000
2814.0000
769.0000
2565.0000
3461.0000
3328.0000
885.0000
2627.0000
968.0000
2493.0000
1510.0000
2571.0000
925.0000
3461.0000
354.0000
1694.0000
2344.0000
1227.0000
3461.0000
2833.0000
133.0000
639.0000
3339.0000
632.0000
623.0000
1999.0000
122.0000
3084.0000
2814.0000
2204.0000
1858.0000
1279.0000
1462.0000
3194.0000
2627.0000
2206.0000
1267.0000
122.0000
3107.0000
945.0000
1559.0000
2333.0000
2493.0000
2333.0000
968.0000
993.0000
2223.0000
890.0000
2576.0000
354.0000
1462.0000
2627.0000
632.0000
2936.0000
1834.0000
1462.0000
267.0000
3461.0000
995.0000
1473.0000
2333.0000
3461.0000
2565.0000
3328.0000
702.0000
3461.0000
2536.0000
761.0000
1951.0000
2870.0000
365.0000
1767.0000
2803.0000
2827.0000
885.0000
2344.0000
1462.0000
834.0000
1821.0000
1657.0000
415.0000
1211.0000
3461.0000
2516.0000
2438.0000
1103.0000
3461.0000
