#n = 11
703.0000
1789.0000
682.0000
939.0000
620.0000
236.0000
1634.0000
660.0000
1178.0000
2235.0000
1999.0000
236.0000
992.0000
75.0000
1178.0000
1789.0000
1860.0000
1401.0000
1913.0000
1348.0000
1103.0000
757.0000
1826.0000
1903.0000
666.0000
1723.0000
982.0000
332.0000
332.0000
257.0000
2235.0000
2235.0000
2235.0000
322.0000
676.0000
1132.0000
660.0000
1168.0000
778.0000
1067.0000
1377.0000
150.0000
182.0000
939.0000
257.0000
1634.0000
1575.0000
982.0000
1348.0000
1714.0000
75.0000
2235.0000
607.0000
1990.0000
1296.0000
1457.0000
75.0000
257.0000
521.0000
1132.0000
1478.0000
1532.0000
512.0000
2235.0000
257.0000
1008.0000
1828.0000
1723.0000
856.0000
1457.0000
2235.0000
1221.0000
1296.0000
1828.0000
332.0000
1978.0000
1668.0000
245.0000
512.0000
591.0000
1999.0000
666.0000
703.0000
1243.0000
1901.0000
150.0000
1314.0000
53.0000
1112.0000
1532.0000
666.0000
703.0000
1008.0000
1168.0000
887.0000
521.0000
521.0000
1668.0000
858.0000
512.0000
741.0000
567.0000
521.0000
1999.0000
1302.0000
1826.0000
939.0000
1864.0000
757.0000
1494.0000
1296.0000
446.0000
2235.0000
1377.0000
2235.0000
2235.0000
2235.0000
921.0000
1901.0000
992.0000
75.0000
