#n = 13
1129.0000
2516.0000
895.0000
1171.0000
2512.0000
1438.0000
3074.0000
3340.0000
3340.0000
949.0000
2859.0000
812.0000
1313.0000
3340.0000
1218.0000
378.0000
1396.0000
2528.0000
2390.0000
1313.0000
1438.0000
1688.0000
3340.0000
343.0000
3126.0000
2516.0000
1791.0000
1902.0000
267.0000
3340.0000
395.0000
2133.0000
610.0000
3212.0000
822.0000
1579.0000
2945.0000
2528.0000
434.0000
244.0000
244.0000
1205.0000
1816.0000
2946.0000
1891.0000
1530.0000
1473.0000
895.0000
2969.0000
1129.0000
2027.0000
1049.0000
700.0000
500.0000
3340.0000
1891.0000
3340.0000
828.0000
1368.0000
3096.0000
256.0000
1438.0000
395.0000
544.0000
1206.0000
2962.0000
895.0000
2786.0000
3340.0000
2391.0000
1524.0000
1316.0000
3126.0000
122.0000
1207.0000
2518.0000
2840.0000
1310.0000
2211.0000
2730.0000
394.0000
842.0000
3340.0000
1791.0000
2498.0000
1205.0000
822.0000
1022.0000
3340.0000
2946.0000
1185.0000
122.0000
2425.0000
266.0000
3340.0000
3340.0000
3340.0000
2762.0000
2391.0000
2425.0000
312.0000
3340.0000
395.0000
183.0000
1902.0000
266.0000
2997.0000
378.0000
1549.0000
2786.0000
1218.0000
2390.0000
3218.0000
1791.0000
915.0000
578.0000
2133.0000
2262.0000
2945.0000
824.0000
1473.0000
1205.0000
2512.0000
3340.0000
2786.0000
2196.0000
1652.0000
1004.0000
2997.0000
3340.0000
1867.0000
2634.0000
578.0000
1207.0000
1791.0000
2979.0000
2196.0000
1549.0000
2765.0000
737.0000
1004.0000
812.0000
651.0000
2030.0000
1652.0000
3340.0000
128.0000
2574.0000
1566.0000
2074.0000
2796.0000
1206.0000
2013.0000
812.0000
2869.0000
1578.0000
1566.0000
706.0000
949.0000
3218.0000
1185.0000
1310.0000
3218.0000
1688.0000
3218.0000
2155.0000
949.0000
1579.0000
1524.0000
