#n = 16
3911.0000
3858.0000
245.0000
1274.0000
2806.0000
1787.0000
116.0000
348.0000
348.0000
1751.0000
593.0000
2637.0000
3202.0000
787.0000
2776.0000
3795.0000
956.0000
2955.0000
2763.0000
691.0000
2491.0000
257.0000
147.0000
1531.0000
3057.0000
2491.0000
373.0000
593.0000
1337.0000
2746.0000
2753.0000
1983.0000
2491.0000
709.0000
1518.0000
3384.0000
1165.0000
3500.0000
147.0000
2393.0000
1526.0000
2128.0000
2193.0000
116.0000
3196.0000
3645.0000
2690.0000
1148.0000
787.0000
1776.0000
3293.0000
2213.0000
2385.0000
3742.0000
925.0000
3911.0000
545.0000
593.0000
907.0000
1310.0000
1774.0000
709.0000
3911.0000
2485.0000
1337.0000
3613.0000
3550.0000
3497.0000
1633.0000
3911.0000
3513.0000
1814.0000
2574.0000
3202.0000
1959.0000
1105.0000
899.0000
3167.0000
1531.0000
354.0000
2395.0000
734.0000
411.0000
762.0000
1526.0000
298.0000
3654.0000
3012.0000
348.0000
2409.0000
2746.0000
3795.0000
3012.0000
646.0000
2380.0000
2939.0000
2240.0000
875.0000
147.0000
3645.0000
2485.0000
1751.0000
715.0000
1776.0000
1598.0000
3410.0000
862.0000
1173.0000
1288.0000
1158.0000
2561.0000
169.0000
1453.0000
2160.0000
2561.0000
3911.0000
2806.0000
1997.0000
501.0000
3100.0000
2012.0000
1867.0000
426.0000
530.0000
787.0000
3911.0000
3485.0000
2240.0000
3302.0000
878.0000
1751.0000
2409.0000
593.0000
2213.0000
3004.0000
2623.0000
361.0000
2637.0000
3613.0000
348.0000
3666.0000
809.0000
261.0000
2072.0000
1235.0000
3500.0000
2097.0000
3293.0000
787.0000
3538.0000
3036.0000
2746.0000
2097.0000
3500.0000
3500.0000
3302.0000
744.0000
3485.0000
1899.0000
3666.0000
426.0000
2097.0000
2922.0000
3795.0000
2690.0000
1649.0000
266.0000
787.0000
664.0000
3911.0000
3795.0000
2637.0000
1052.0000
3220.0000
2246.0000
2313.0000
2955.0000
2394.0000
145.0000
1867.0000
396.0000
1839.0000
2047.0000
3366.0000
2415.0000
715.0000
398.0000
878.0000
1496.0000
261.0000
2485.0000
1698.0000
1052.0000
1478.0000
1649.0000
3858.0000
787.0000
1671.0000
1310.0000
530.0000
1288.0000
972.0000
3177.0000
1478.0000
2044.0000
3247.0000
2791.0000
3485.0000
3911.0000
3384.0000
3057.0000
2012.0000
3911.0000
1453.0000
1867.0000
3167.0000
464.0000
3513.0000
3177.0000
709.0000
972.0000
361.0000
2061.0000
618.0000
3911.0000
3911.0000
1776.0000
925.0000
2128.0000
3563.0000
3911.0000
641.0000
2278.0000
1526.0000
1997.0000
1787.0000
3012.0000
1783.0000
1120.0000
3220.0000
3100.0000
1959.0000
1310.0000
989.0000
2124.0000
3613.0000
1531.0000
2637.0000
3033.0000
3795.0000
2278.0000
2623.0000
1105.0000
2019.0000
1751.0000
3911.0000
