#n = 18
1181.0000
4119.0000
257.0000
1974.0000
862.0000
1275.0000
4715.0000
1218.0000
1955.0000
879.0000
4180.0000
879.0000
2577.0000
4120.0000
1023.0000
1542.0000
937.0000
3836.0000
3502.0000
3028.0000
4396.0000
2138.0000
1030.0000
4115.0000
2761.0000
4119.0000
3782.0000
3475.0000
1955.0000
4715.0000
933.0000
2201.0000
4715.0000
4098.0000
1687.0000
671.0000
3194.0000
622.0000
2916.0000
3790.0000
2138.0000
4044.0000
2817.0000
2216.0000
3110.0000
4097.0000
1542.0000
3122.0000
4715.0000
3028.0000
2252.0000
3359.0000
582.0000
4715.0000
262.0000
961.0000
4120.0000
3097.0000
4242.0000
2577.0000
1543.0000
2886.0000
4458.0000
3708.0000
2766.0000
745.0000
2620.0000
2886.0000
4097.0000
3441.0000
2463.0000
3502.0000
1613.0000
268.0000
4196.0000
657.0000
1954.0000
3681.0000
2200.0000
680.0000
4058.0000
4715.0000
377.0000
145.0000
4715.0000
319.0000
1949.0000
3970.0000
2818.0000
2577.0000
745.0000
2484.0000
4715.0000
2836.0000
488.0000
2160.0000
4180.0000
582.0000
4097.0000
4354.0000
1461.0000
2252.0000
3079.0000
3378.0000
657.0000
377.0000
3172.0000
3773.0000
3097.0000
1897.0000
2577.0000
2493.0000
1274.0000
4652.0000
4715.0000
1954.0000
343.0000
4449.0000
581.0000
4097.0000
1959.0000
4470.0000
1949.0000
1795.0000
2201.0000
4459.0000
3778.0000
600.0000
2317.0000
3505.0000
3771.0000
62.0000
3439.0000
4354.0000
1276.0000
3681.0000
334.0000
3378.0000
1240.0000
4449.0000
3439.0000
4390.0000
4449.0000
1949.0000
1240.0000
3093.0000
3342.0000
944.0000
1828.0000
3439.0000
1538.0000
1949.0000
3440.0000
1070.0000
1875.0000
965.0000
933.0000
2840.0000
2515.0000
4115.0000
4097.0000
1070.0000
4715.0000
1480.0000
2484.0000
2216.0000
1882.0000
1828.0000
412.0000
343.0000
933.0000
1882.0000
2920.0000
2422.0000
377.0000
4097.0000
3703.0000
2095.0000
1804.0000
62.0000
2422.0000
4449.0000
3685.0000
4715.0000
3754.0000
862.0000
322.0000
582.0000
3155.0000
3456.0000
4459.0000
596.0000
4715.0000
535.0000
2422.0000
1294.0000
3685.0000
2555.0000
361.0000
3172.0000
1302.0000
2818.0000
745.0000
3421.0000
3830.0000
885.0000
4715.0000
2911.0000
325.0000
1687.0000
1562.0000
3165.0000
1294.0000
2761.0000
3194.0000
2132.0000
3703.0000
325.0000
4381.0000
256.0000
3194.0000
2577.0000
1542.0000
1897.0000
3790.0000
925.0000
1892.0000
4119.0000
680.0000
319.0000
2216.0000
862.0000
1030.0000
2886.0000
1030.0000
4227.0000
4715.0000
1613.0000
535.0000
334.0000
2216.0000
4715.0000
4458.0000
4365.0000
2583.0000
933.0000
3235.0000
1480.0000
2463.0000
1521.0000
2840.0000
3177.0000
2422.0000
4035.0000
361.0000
4365.0000
4447.0000
2555.0000
4127.0000
4715.0000
3771.0000
4453.0000
1898.0000
2574.0000
3153.0000
1280.0000
1879.0000
4715.0000
3110.0000
595.0000
2138.0000
3758.0000
4134.0000
1560.0000
2200.0000
4196.0000
2211.0000
3703.0000
262.0000
2756.0000
925.0000
1897.0000
1560.0000
2574.0000
3079.0000
2160.0000
1550.0000
262.0000
623.0000
2095.0000
1356.0000
588.0000
3708.0000
4570.0000
933.0000
1181.0000
377.0000
1875.0000
4652.0000
1828.0000
925.0000
680.0000
2132.0000
4303.0000
2555.0000
680.0000
2886.0000
1274.0000
3516.0000
267.0000
671.0000
3122.0000
1995.0000
2741.0000
2577.0000
1892.0000
4447.0000
2515.0000
1799.0000
3502.0000
1995.0000
3172.0000
2577.0000
1560.0000
