#n = 20
2987.0000
4419.0000
2035.0000
4420.0000
5202.0000
4348.0000
5202.0000
482.0000
3296.0000
2533.0000
3999.0000
1039.0000
2375.0000
3115.0000
3928.0000
4691.0000
3471.0000
4493.0000
948.0000
5202.0000
4721.0000
1386.0000
2513.0000
1386.0000
4902.0000
3954.0000
4852.0000
4464.0000
2687.0000
3596.0000
948.0000
3999.0000
4348.0000
5092.0000
245.0000
3686.0000
5202.0000
3762.0000
3349.0000
3349.0000
2531.0000
2656.0000
2298.0000
4356.0000
1981.0000
609.0000
358.0000
2546.0000
2388.0000
300.0000
1323.0000
2180.0000
846.0000
1731.0000
3345.0000
2387.0000
3037.0000
3242.0000
5020.0000
600.0000
3706.0000
1565.0000
5202.0000
5202.0000
2687.0000
2228.0000
4116.0000
4368.0000
662.0000
1336.0000
2934.0000
958.0000
2387.0000
1857.0000
4419.0000
2515.0000
1323.0000
2921.0000
2001.0000
1731.0000
2924.0000
1408.0000
3909.0000
1138.0000
5017.0000
5202.0000
2739.0000
4611.0000
3712.0000
627.0000
4299.0000
4774.0000
2527.0000
2070.0000
4246.0000
5202.0000
3909.0000
4118.0000
4419.0000
4611.0000
4244.0000
2656.0000
3508.0000
1624.0000
4959.0000
4859.0000
4098.0000
2956.0000
2070.0000
3596.0000
4240.0000
4171.0000
4954.0000
2904.0000
2663.0000
1223.0000
948.0000
5202.0000
2594.0000
4859.0000
5202.0000
2070.0000
2689.0000
2827.0000
2813.0000
2996.0000
75.0000
3954.0000
4607.0000
2205.0000
782.0000
1371.0000
3909.0000
3699.0000
3954.0000
2739.0000
3909.0000
3527.0000
63.0000
1427.0000
2281.0000
2869.0000
1382.0000
1830.0000
312.0000
3115.0000
4356.0000
1336.0000
1636.0000
4209.0000
4611.0000
2096.0000
1951.0000
2924.0000
834.0000
2075.0000
4593.0000
1557.0000
4957.0000
903.0000
1036.0000
428.0000
4691.0000
4902.0000
2779.0000
3014.0000
2813.0000
4509.0000
4464.0000
1951.0000
1184.0000
2687.0000
3022.0000
783.0000
5202.0000
1371.0000
593.0000
4244.0000
595.0000
4807.0000
3890.0000
962.0000
4299.0000
738.0000
662.0000
3954.0000
3471.0000
358.0000
3296.0000
440.0000
350.0000
1386.0000
1323.0000
3831.0000
2858.0000
3171.0000
4611.0000
2526.0000
366.0000
2228.0000
1822.0000
4499.0000
2676.0000
3317.0000
1585.0000
3771.0000
2689.0000
3458.0000
2515.0000
1382.0000
75.0000
1005.0000
428.0000
4668.0000
3706.0000
4540.0000
358.0000
4209.0000
2515.0000
5202.0000
4721.0000
1274.0000
1031.0000
5202.0000
2687.0000
817.0000
627.0000
4844.0000
2814.0000
3317.0000
2333.0000
2689.0000
846.0000
4348.0000
63.0000
3115.0000
128.0000
1274.0000
1104.0000
3508.0000
358.0000
783.0000
2739.0000
2974.0000
5064.0000
4254.0000
1258.0000
2889.0000
1981.0000
243.0000
3167.0000
1005.0000
3345.0000
3578.0000
3928.0000
3171.0000
3171.0000
1086.0000
783.0000
2904.0000
3649.0000
709.0000
3349.0000
3999.0000
2956.0000
3372.0000
2294.0000
3158.0000
1822.0000
1160.0000
3762.0000
3471.0000
5202.0000
3954.0000
327.0000
993.0000
1496.0000
1039.0000
3762.0000
2663.0000
2671.0000
3909.0000
2676.0000
5202.0000
1857.0000
110.0000
5139.0000
2908.0000
1086.0000
1636.0000
3637.0000
5202.0000
1585.0000
4064.0000
5064.0000
358.0000
3771.0000
1086.0000
4859.0000
377.0000
2779.0000
4364.0000
4356.0000
5092.0000
138.0000
2546.0000
3406.0000
4464.0000
4609.0000
1553.0000
2789.0000
2814.0000
4902.0000
600.0000
4244.0000
2463.0000
2313.0000
3775.0000
2858.0000
3014.0000
4307.0000
1140.0000
4356.0000
491.0000
182.0000
3686.0000
3617.0000
5202.0000
3649.0000
300.0000
1624.0000
343.0000
4197.0000
3309.0000
3954.0000
3762.0000
1312.0000
4611.0000
5202.0000
2188.0000
3723.0000
1440.0000
511.0000
4890.0000
1636.0000
2188.0000
1285.0000
4825.0000
2096.0000
4499.0000
2188.0000
1998.0000
1479.0000
3723.0000
3794.0000
4163.0000
1427.0000
658.0000
377.0000
3517.0000
1951.0000
482.0000
3904.0000
4275.0000
358.0000
3333.0000
2344.0000
1651.0000
3296.0000
2206.0000
2001.0000
312.0000
327.0000
1312.0000
1685.0000
3904.0000
3521.0000
2671.0000
5127.0000
1694.0000
1249.0000
1675.0000
2387.0000
1853.0000
2539.0000
4179.0000
2294.0000
5064.0000
3208.0000
2858.0000
4731.0000
1516.0000
2387.0000
3953.0000
5202.0000
4875.0000
5202.0000
2389.0000
3890.0000
3471.0000
