#n = 11
512.0000
1389.0000
322.0000
245.0000
2235.0000
2182.0000
1903.0000
257.0000
2160.0000
1559.0000
601.0000
245.0000
1132.0000
1178.0000
2235.0000
1615.0000
2235.0000
939.0000
846.0000
1057.0000
1828.0000
567.0000
666.0000
1723.0000
1828.0000
407.0000
992.0000
2235.0000
2235.0000
1103.0000
1903.0000
778.0000
257.0000
2235.0000
521.0000
2235.0000
2182.0000
2235.0000
2235.0000
1132.0000
676.0000
1723.0000
601.0000
75.0000
2235.0000
1425.0000
75.0000
1628.0000
75.0000
1901.0000
1112.0000
1389.0000
1569.0000
245.0000
332.0000
2235.0000
620.0000
1901.0000
1714.0000
682.0000
1990.0000
1389.0000
2235.0000
1302.0000
778.0000
735.0000
1314.0000
1478.0000
2085.0000
1253.0000
757.0000
521.0000
407.0000
1302.0000
2235.0000
2235.0000
939.0000
2235.0000
834.0000
666.0000
1624.0000
1864.0000
992.0000
1901.0000
289.0000
150.0000
375.0000
1377.0000
2235.0000
2235.0000
2235.0000
1178.0000
1221.0000
887.0000
2235.0000
834.0000
611.0000
75.0000
2235.0000
182.0000
2235.0000
75.0000
703.0000
1714.0000
1789.0000
858.0000
682.0000
741.0000
1008.0000
2235.0000
2085.0000
1221.0000
666.0000
245.0000
933.0000
2235.0000
409.0000
1478.0000
2160.0000
1379.0000
53.0000
