#n = 19
4375.0000
3715.0000
1296.0000
3839.0000
3110.0000
1419.0000
1151.0000
1932.0000
3507.0000
312.0000
4006.0000
183.0000
2093.0000
632.0000
4075.0000
2207.0000
1009.0000
1617.0000
2946.0000
4375.0000
2338.0000
3533.0000
1344.0000
3079.0000
2338.0000
4375.0000
1862.0000
2349.0000
1932.0000
2247.0000
2340.0000
3422.0000
369.0000
1077.0000
2349.0000
1560.0000
182.0000
2282.0000
3431.0000
536.0000
1683.0000
1051.0000
1440.0000
2749.0000
4375.0000
343.0000
1001.0000
899.0000
63.0000
3164.0000
599.0000
3839.0000
3298.0000
3381.0000
3899.0000
2513.0000
3743.0000
3849.0000
1962.0000
3112.0000
3980.0000
2876.0000
712.0000
2268.0000
931.0000
1027.0000
994.0000
243.0000
4312.0000
3110.0000
3992.0000
3899.0000
1084.0000
911.0000
3666.0000
4312.0000
2028.0000
899.0000
3464.0000
994.0000
1260.0000
903.0000
1947.0000
354.0000
1612.0000
2380.0000
2894.0000
1447.0000
3626.0000
2894.0000
2564.0000
1552.0000
2350.0000
1263.0000
2168.0000
899.0000
2627.0000
1117.0000
1396.0000
4375.0000
256.0000
1626.0000
1739.0000
1912.0000
2559.0000
1481.0000
1796.0000
3348.0000
4375.0000
4375.0000
2579.0000
1864.0000
3859.0000
1313.0000
1799.0000
3493.0000
3010.0000
3849.0000
2459.0000
3164.0000
2551.0000
868.0000
2559.0000
632.0000
599.0000
2035.0000
3743.0000
1500.0000
1316.0000
1563.0000
3678.0000
1608.0000
2428.0000
3899.0000
4375.0000
4130.0000
2651.0000
1447.0000
1340.0000
1691.0000
369.0000
839.0000
4032.0000
3839.0000
2295.0000
2994.0000
516.0000
3824.0000
3880.0000
3381.0000
2349.0000
2592.0000
2939.0000
3110.0000
4130.0000
2876.0000
2350.0000
2223.0000
1313.0000
1862.0000
1816.0000
3374.0000
1560.0000
2107.0000
3591.0000
4375.0000
1348.0000
4193.0000
2347.0000
931.0000
1440.0000
2928.0000
3472.0000
1348.0000
3507.0000
828.0000
1852.0000
4375.0000
3776.0000
1852.0000
1681.0000
2812.0000
599.0000
656.0000
1394.0000
2395.0000
2563.0000
116.0000
243.0000
3615.0000
2576.0000
4006.0000
4023.0000
2742.0000
3719.0000
828.0000
2894.0000
2563.0000
787.0000
2513.0000
1916.0000
4021.0000
1419.0000
4019.0000
3089.0000
2380.0000
4375.0000
2128.0000
4375.0000
2928.0000
2561.0000
2207.0000
1552.0000
1608.0000
4021.0000
2128.0000
3715.0000
3422.0000
1296.0000
1344.0000
495.0000
1344.0000
3348.0000
1001.0000
709.0000
499.0000
3062.0000
4375.0000
2564.0000
739.0000
3847.0000
1962.0000
2694.0000
3110.0000
300.0000
1260.0000
182.0000
2742.0000
1394.0000
2876.0000
343.0000
2511.0000
3776.0000
3876.0000
3122.0000
1912.0000
100.0000
1824.0000
4375.0000
528.0000
526.0000
516.0000
4375.0000
2100.0000
1419.0000
483.0000
1962.0000
3444.0000
1365.0000
2382.0000
3636.0000
1995.0000
2037.0000
1617.0000
1812.0000
1127.0000
1084.0000
4161.0000
4130.0000
2692.0000
3876.0000
632.0000
2625.0000
236.0000
632.0000
944.0000
1796.0000
3819.0000
4021.0000
2879.0000
4021.0000
2812.0000
4375.0000
1681.0000
4375.0000
2946.0000
2523.0000
1995.0000
1799.0000
354.0000
214.0000
2876.0000
2350.0000
2347.0000
4375.0000
1980.0000
1591.0000
556.0000
3422.0000
1084.0000
2282.0000
2100.0000
1265.0000
4375.0000
4375.0000
1260.0000
2347.0000
632.0000
2216.0000
3626.0000
4375.0000
3062.0000
1560.0000
1440.0000
3715.0000
3359.0000
1481.0000
599.0000
1481.0000
1796.0000
4375.0000
2380.0000
343.0000
1001.0000
3591.0000
1365.0000
1724.0000
1633.0000
3743.0000
1286.0000
3876.0000
2268.0000
2395.0000
528.0000
4242.0000
3776.0000
526.0000
2216.0000
1812.0000
1995.0000
784.0000
417.0000
3359.0000
2758.0000
4375.0000
1394.0000
2463.0000
2877.0000
2463.0000
2168.0000
3776.0000
2152.0000
1945.0000
1932.0000
660.0000
3899.0000
1864.0000
1009.0000
2579.0000
516.0000
1396.0000
