#n = 14
3461.0000
122.0000
896.0000
293.0000
2536.0000
834.0000
361.0000
2590.0000
1023.0000
2182.0000
2565.0000
232.0000
3096.0000
993.0000
1858.0000
2466.0000
3461.0000
3046.0000
995.0000
3328.0000
1632.0000
183.0000
2358.0000
896.0000
1103.0000
1937.0000
2627.0000
1603.0000
2814.0000
1657.0000
2344.0000
525.0000
1103.0000
2627.0000
1128.0000
1999.0000
2279.0000
2582.0000
2986.0000
2884.0000
1117.0000
1470.0000
1829.0000
1742.0000
2466.0000
334.0000
1473.0000
3168.0000
591.0000
133.0000
3461.0000
3061.0000
2250.0000
3096.0000
2250.0000
3461.0000
2101.0000
3461.0000
3461.0000
761.0000
342.0000
3461.0000
2576.0000
742.0000
377.0000
2234.0000
2536.0000
3351.0000
3351.0000
1640.0000
2700.0000
293.0000
2204.0000
1000.0000
1012.0000
2692.0000
3218.0000
3199.0000
3461.0000
2182.0000
632.0000
1821.0000
3119.0000
2223.0000
2803.0000
1023.0000
1360.0000
2833.0000
2536.0000
2101.0000
3107.0000
122.0000
2827.0000
1913.0000
2438.0000
133.0000
2814.0000
1694.0000
647.0000
3061.0000
122.0000
2182.0000
3461.0000
1559.0000
871.0000
3351.0000
871.0000
293.0000
1128.0000
2700.0000
591.0000
1257.0000
1559.0000
761.0000
3461.0000
702.0000
2582.0000
2884.0000
2182.0000
871.0000
2223.0000
623.0000
2576.0000
1603.0000
3461.0000
267.0000
2951.0000
2516.0000
3461.0000
525.0000
3218.0000
3127.0000
1279.0000
1279.0000
993.0000
1988.0000
2231.0000
1510.0000
2333.0000
2468.0000
3168.0000
2250.0000
3218.0000
3218.0000
2827.0000
2358.0000
1400.0000
1133.0000
2101.0000
1603.0000
110.0000
1889.0000
945.0000
1548.0000
267.0000
632.0000
3351.0000
1925.0000
1913.0000
3461.0000
3100.0000
3113.0000
1211.0000
2231.0000
1913.0000
2438.0000
3046.0000
1128.0000
1267.0000
1257.0000
3107.0000
623.0000
1991.0000
2936.0000
3127.0000
3461.0000
2328.0000
1103.0000
702.0000
257.0000
1657.0000
702.0000
945.0000
885.0000
1694.0000
2576.0000
2206.0000
968.0000
3461.0000
968.0000
1524.0000
475.0000
3461.0000
133.0000
890.0000
1000.0000
