#n = 12
499.0000
316.0000
766.0000
1080.0000
603.0000
2286.0000
1340.0000
957.0000
748.0000
2341.0000
2225.0000
2223.0000
1520.0000
2401.0000
1090.0000
2260.0000
1854.0000
2320.0000
980.0000
957.0000
1457.0000
1361.0000
731.0000
499.0000
1027.0000
499.0000
974.0000
1828.0000
1683.0000
2401.0000
2657.0000
1084.0000
650.0000
116.0000
243.0000
2451.0000
434.0000
1201.0000
1816.0000
1200.0000
593.0000
116.0000
1571.0000
1683.0000
334.0000
1477.0000
1514.0000
2401.0000
2657.0000
1086.0000
2204.0000
1944.0000
2320.0000
2594.0000
2541.0000
2547.0000
316.0000
2657.0000
1080.0000
1080.0000
2541.0000
2064.0000
974.0000
2657.0000
1683.0000
2451.0000
2204.0000
1567.0000
1024.0000
2657.0000
1909.0000
432.0000
1180.0000
766.0000
1571.0000
2117.0000
1828.0000
709.0000
964.0000
1090.0000
487.0000
1329.0000
1944.0000
2054.0000
397.0000
1201.0000
974.0000
1577.0000
627.0000
650.0000
709.0000
1457.0000
709.0000
864.0000
191.0000
2414.0000
1854.0000
2541.0000
1630.0000
1084.0000
964.0000
830.0000
2431.0000
1340.0000
2320.0000
110.0000
191.0000
243.0000
1683.0000
709.0000
2007.0000
1567.0000
1086.0000
2204.0000
63.0000
2223.0000
1143.0000
1793.0000
2657.0000
453.0000
2466.0000
2341.0000
191.0000
2414.0000
525.0000
1630.0000
110.0000
110.0000
1909.0000
2466.0000
603.0000
2414.0000
603.0000
1328.0000
974.0000
1700.0000
2657.0000
974.0000
841.0000
2657.0000
2286.0000
2170.0000
525.0000
1577.0000
