#n = 12
1457.0000
2164.0000
2323.0000
1948.0000
1086.0000
206.0000
690.0000
964.0000
525.0000
2132.0000
540.0000
525.0000
1427.0000
1317.0000
1827.0000
1201.0000
191.0000
952.0000
1909.0000
1967.0000
1317.0000
1328.0000
829.0000
1340.0000
2414.0000
1630.0000
974.0000
1633.0000
1137.0000
1909.0000
2657.0000
1630.0000
1967.0000
1361.0000
1296.0000
1793.0000
434.0000
748.0000
2657.0000
709.0000
2541.0000
1854.0000
116.0000
766.0000
2657.0000
2164.0000
2657.0000
116.0000
371.0000
1630.0000
2060.0000
2657.0000
2414.0000
603.0000
627.0000
593.0000
2451.0000
453.0000
2401.0000
540.0000
1571.0000
2657.0000
2541.0000
864.0000
453.0000
1200.0000
1793.0000
1948.0000
2030.0000
377.0000
1200.0000
830.0000
1948.0000
841.0000
1889.0000
731.0000
2341.0000
1340.0000
2401.0000
371.0000
593.0000
1329.0000
1086.0000
540.0000
1926.0000
980.0000
2657.0000
731.0000
1816.0000
2657.0000
603.0000
2132.0000
206.0000
974.0000
2657.0000
748.0000
1967.0000
2657.0000
2657.0000
1143.0000
243.0000
434.0000
1705.0000
337.0000
493.0000
1891.0000
2286.0000
2030.0000
432.0000
116.0000
1854.0000
1328.0000
1180.0000
2657.0000
2657.0000
1693.0000
226.0000
1705.0000
2594.0000
709.0000
525.0000
1456.0000
206.0000
1891.0000
2657.0000
650.0000
256.0000
964.0000
2657.0000
243.0000
2657.0000
334.0000
1816.0000
974.0000
2060.0000
2541.0000
829.0000
1705.0000
2657.0000
1457.0000
1024.0000
1677.0000
1821.0000
748.0000
