#n = 20
2215.0000
2169.0000
1382.0000
3917.0000
3773.0000
1918.0000
1138.0000
5092.0000
1274.0000
2035.0000
300.0000
3551.0000
2827.0000
2387.0000
4254.0000
2815.0000
350.0000
358.0000
658.0000
4844.0000
956.0000
1084.0000
4902.0000
1298.0000
2527.0000
4513.0000
738.0000
1386.0000
2815.0000
2298.0000
5057.0000
1796.0000
2075.0000
3106.0000
4668.0000
1998.0000
366.0000
4307.0000
3006.0000
4540.0000
4849.0000
5202.0000
2031.0000
693.0000
2656.0000
1039.0000
1312.0000
2035.0000
4166.0000
709.0000
3006.0000
4018.0000
440.0000
4254.0000
5202.0000
3851.0000
2908.0000
3037.0000
1496.0000
1729.0000
1893.0000
1039.0000
5092.0000
3637.0000
2779.0000
838.0000
2388.0000
2546.0000
2689.0000
956.0000
3033.0000
4711.0000
1624.0000
2060.0000
2060.0000
2533.0000
5202.0000
4890.0000
1651.0000
1951.0000
267.0000
4611.0000
2344.0000
3033.0000
3917.0000
1893.0000
1918.0000
3127.0000
658.0000
1553.0000
4509.0000
644.0000
1285.0000
2281.0000
3645.0000
4558.0000
2278.0000
4499.0000
3928.0000
4540.0000
2656.0000
3712.0000
4062.0000
2278.0000
4902.0000
5202.0000
1503.0000
2344.0000
1565.0000
2687.0000
4246.0000
4902.0000
3504.0000
2413.0000
5202.0000
3284.0000
4859.0000
4385.0000
783.0000
1503.0000
854.0000
1822.0000
1796.0000
4902.0000
5074.0000
185.0000
1253.0000
2515.0000
4368.0000
3917.0000
662.0000
3406.0000
2669.0000
3333.0000
2001.0000
838.0000
4731.0000
3944.0000
1731.0000
4420.0000
838.0000
1731.0000
3866.0000
1822.0000
4657.0000
3645.0000
1585.0000
4902.0000
4807.0000
1685.0000
4209.0000
4774.0000
2533.0000
1223.0000
778.0000
3508.0000
4424.0000
4464.0000
3158.0000
3820.0000
2031.0000
4721.0000
1731.0000
5064.0000
1853.0000
4762.0000
4957.0000
1796.0000
1479.0000
4859.0000
5202.0000
343.0000
3637.0000
4796.0000
2070.0000
1274.0000
4240.0000
2463.0000
962.0000
3372.0000
3551.0000
5017.0000
5202.0000
5202.0000
3617.0000
3551.0000
491.0000
4209.0000
5202.0000
2196.0000
2533.0000
962.0000
3637.0000
3771.0000
3349.0000
4368.0000
4385.0000
2687.0000
1023.0000
2205.0000
4902.0000
4171.0000
2531.0000
948.0000
5202.0000
1981.0000
3517.0000
3773.0000
2388.0000
1248.0000
1553.0000
243.0000
2526.0000
895.0000
5017.0000
4721.0000
1830.0000
1336.0000
2075.0000
927.0000
3380.0000
2908.0000
267.0000
3954.0000
1516.0000
1503.0000
4836.0000
1005.0000
3649.0000
4493.0000
343.0000
2294.0000
2075.0000
3762.0000
854.0000
1651.0000
4209.0000
4731.0000
3204.0000
1565.0000
3296.0000
182.0000
4954.0000
4307.0000
3527.0000
182.0000
2180.0000
471.0000
3771.0000
4348.0000
2974.0000
3699.0000
2096.0000
2779.0000
5202.0000
1893.0000
4959.0000
3723.0000
1869.0000
778.0000
4544.0000
5202.0000
3345.0000
3637.0000
1585.0000
4118.0000
834.0000
3106.0000
3309.0000
5202.0000
5057.0000
3566.0000
5202.0000
3645.0000
2889.0000
343.0000
838.0000
4836.0000
2675.0000
1729.0000
2526.0000
4118.0000
2889.0000
2389.0000
350.0000
3637.0000
1636.0000
841.0000
2687.0000
3251.0000
1994.0000
5202.0000
5202.0000
110.0000
3831.0000
4593.0000
3944.0000
4711.0000
948.0000
2044.0000
3637.0000
4875.0000
1853.0000
4171.0000
4844.0000
1731.0000
2298.0000
4368.0000
593.0000
481.0000
185.0000
2656.0000
3820.0000
4544.0000
4796.0000
3879.0000
145.0000
927.0000
2827.0000
3473.0000
4852.0000
4859.0000
1822.0000
406.0000
4385.0000
4711.0000
2044.0000
3296.0000
2294.0000
267.0000
1496.0000
778.0000
2281.0000
1994.0000
4609.0000
2687.0000
5202.0000
395.0000
2827.0000
1729.0000
3406.0000
545.0000
600.0000
1039.0000
593.0000
185.0000
3201.0000
2035.0000
1822.0000
644.0000
4935.0000
1822.0000
927.0000
1830.0000
3527.0000
1496.0000
5202.0000
358.0000
5202.0000
3851.0000
4607.0000
2463.0000
4244.0000
2779.0000
312.0000
3566.0000
3953.0000
1249.0000
927.0000
4825.0000
2060.0000
2169.0000
3521.0000
4244.0000
1869.0000
343.0000
245.0000
1258.0000
5020.0000
4299.0000
395.0000
4064.0000
2904.0000
3454.0000
1994.0000
3851.0000
4902.0000
3127.0000
4796.0000
534.0000
4209.0000
2070.0000
4890.0000
2675.0000
3504.0000
4720.0000
534.0000
482.0000
145.0000
343.0000
