#n = 20
300.0000
4859.0000
593.0000
3022.0000
4098.0000
3866.0000
2087.0000
1857.0000
534.0000
1744.0000
2423.0000
5017.0000
2096.0000
545.0000
600.0000
5202.0000
1731.0000
4197.0000
709.0000
4420.0000
2526.0000
1203.0000
2899.0000
2313.0000
4607.0000
1036.0000
1293.0000
4859.0000
5202.0000
4116.0000
2044.0000
4902.0000
1585.0000
3706.0000
1431.0000
4544.0000
5202.0000
3349.0000
3380.0000
2546.0000
3296.0000
1906.0000
545.0000
3454.0000
895.0000
2463.0000
1822.0000
5064.0000
145.0000
4483.0000
4859.0000
3596.0000
4890.0000
2669.0000
4807.0000
1023.0000
5202.0000
4197.0000
4275.0000
709.0000
3372.0000
3022.0000
440.0000
834.0000
3380.0000
267.0000
3171.0000
1685.0000
5074.0000
3953.0000
5092.0000
1408.0000
644.0000
3458.0000
4711.0000
2858.0000
4859.0000
2815.0000
2546.0000
395.0000
4513.0000
2513.0000
5202.0000
841.0000
2687.0000
5202.0000
1258.0000
1681.0000
5202.0000
2001.0000
110.0000
3508.0000
3771.0000
2663.0000
4509.0000
2246.0000
2413.0000
2987.0000
4424.0000
2608.0000
2228.0000
2188.0000
3954.0000
1086.0000
1274.0000
138.0000
4558.0000
2278.0000
3251.0000
2546.0000
2934.0000
1086.0000
3458.0000
5202.0000
2165.0000
2689.0000
4483.0000
2526.0000
4171.0000
2180.0000
3699.0000
4668.0000
1557.0000
783.0000
5202.0000
958.0000
662.0000
3014.0000
2298.0000
4240.0000
343.0000
4609.0000
4018.0000
3831.0000
2687.0000
4691.0000
1427.0000
5202.0000
3158.0000
1918.0000
627.0000
3851.0000
3890.0000
1258.0000
5202.0000
3508.0000
1023.0000
3380.0000
2169.0000
4954.0000
4493.0000
2526.0000
3115.0000
4493.0000
3333.0000
3645.0000
2413.0000
854.0000
471.0000
245.0000
3473.0000
4774.0000
5202.0000
3309.0000
3380.0000
3380.0000
300.0000
782.0000
75.0000
927.0000
1431.0000
5020.0000
4171.0000
3106.0000
5202.0000
3208.0000
2997.0000
534.0000
4118.0000
3527.0000
2165.0000
1553.0000
782.0000
5202.0000
4607.0000
2687.0000
4275.0000
4098.0000
3345.0000
2594.0000
738.0000
312.0000
534.0000
1336.0000
1479.0000
3406.0000
3127.0000
3204.0000
2814.0000
2387.0000
958.0000
895.0000
3617.0000
2546.0000
1857.0000
4859.0000
4118.0000
3762.0000
2908.0000
1857.0000
817.0000
5139.0000
3380.0000
1748.0000
1606.0000
3953.0000
5202.0000
4299.0000
1651.0000
3201.0000
1160.0000
5202.0000
1203.0000
3333.0000
1748.0000
1184.0000
2205.0000
2268.0000
1351.0000
4844.0000
2196.0000
1005.0000
3406.0000
2924.0000
2814.0000
4356.0000
2246.0000
2388.0000
128.0000
3204.0000
2904.0000
4118.0000
2388.0000
1382.0000
2096.0000
3816.0000
4420.0000
5202.0000
182.0000
2687.0000
358.0000
846.0000
1994.0000
1140.0000
2206.0000
110.0000
846.0000
4299.0000
921.0000
3578.0000
4246.0000
1293.0000
4509.0000
3333.0000
3712.0000
1031.0000
2656.0000
2533.0000
4499.0000
4607.0000
1748.0000
1553.0000
4275.0000
4244.0000
2996.0000
5127.0000
300.0000
2031.0000
3816.0000
4611.0000
491.0000
2087.0000
3904.0000
2997.0000
4179.0000
5064.0000
1553.0000
838.0000
2779.0000
2956.0000
4299.0000
1431.0000
5202.0000
2815.0000
5202.0000
3706.0000
658.0000
3471.0000
1685.0000
3142.0000
658.0000
3132.0000
962.0000
2333.0000
3508.0000
3251.0000
5020.0000
1312.0000
4209.0000
4611.0000
1503.0000
4657.0000
2268.0000
1557.0000
4483.0000
846.0000
3794.0000
3820.0000
2827.0000
1698.0000
4558.0000
2169.0000
4807.0000
1744.0000
5202.0000
2515.0000
3551.0000
841.0000
358.0000
2669.0000
627.0000
2463.0000
2663.0000
353.0000
2779.0000
3521.0000
2333.0000
2206.0000
5202.0000
1490.0000
958.0000
817.0000
3917.0000
2180.0000
3296.0000
1249.0000
1431.0000
2268.0000
4902.0000
2344.0000
2387.0000
1351.0000
3771.0000
3879.0000
4118.0000
2035.0000
1585.0000
343.0000
1893.0000
1249.0000
5202.0000
2675.0000
3127.0000
3617.0000
4796.0000
956.0000
3037.0000
1624.0000
5202.0000
1651.0000
4959.0000
3333.0000
4607.0000
4062.0000
343.0000
4544.0000
2531.0000
2196.0000
5202.0000
895.0000
3775.0000
3851.0000
4424.0000
838.0000
1685.0000
4064.0000
1031.0000
3349.0000
5202.0000
4018.0000
1496.0000
600.0000
2546.0000
2956.0000
4602.0000
4209.0000
3723.0000
534.0000
962.0000
1906.0000
