#n = 8
256.0000
345.0000
1964.0000
345.0000
1129.0000
2293.0000
383.0000
951.0000
639.0000
1409.0000
2293.0000
1129.0000
2293.0000
1587.0000
984.0000
1835.0000
1415.0000
1229.0000
1606.0000
256.0000
703.0000
1409.0000
1164.0000
1792.0000
951.0000
1342.0000
245.0000
2293.0000
2293.0000
345.0000
787.0000
245.0000
1910.0000
1064.0000
984.0000
639.0000
1064.0000
1164.0000
1415.0000
1261.0000
1654.0000
1587.0000
1409.0000
1409.0000
1910.0000
984.0000
1948.0000
1565.0000
884.0000
1064.0000
1665.0000
2293.0000
706.0000
1665.0000
245.0000
1590.0000
245.0000
787.0000
1064.0000
1261.0000
878.0000
703.0000
1835.0000
1948.0000
