#n = 13
2528.0000
3218.0000
1496.0000
1473.0000
1810.0000
3212.0000
2979.0000
1780.0000
2024.0000
2997.0000
1844.0000
2512.0000
2528.0000
1566.0000
214.0000
266.0000
2634.0000
812.0000
1601.0000
2211.0000
2388.0000
952.0000
2997.0000
1293.0000
1496.0000
2979.0000
2603.0000
2074.0000
2640.0000
3028.0000
395.0000
395.0000
2582.0000
3340.0000
2030.0000
2634.0000
1496.0000
1185.0000
2122.0000
651.0000
1560.0000
1207.0000
2859.0000
2425.0000
2945.0000
706.0000
2135.0000
2047.0000
183.0000
2602.0000
395.0000
2602.0000
1739.0000
434.0000
3340.0000
2425.0000
1780.0000
1438.0000
2027.0000
122.0000
3084.0000
2262.0000
256.0000
1549.0000
1129.0000
2169.0000
361.0000
610.0000
2689.0000
3340.0000
2030.0000
2318.0000
610.0000
1652.0000
1780.0000
2318.0000
1327.0000
2640.0000
915.0000
266.0000
1205.0000
2318.0000
1780.0000
578.0000
3340.0000
2027.0000
122.0000
2518.0000
1578.0000
824.0000
1780.0000
1601.0000
2318.0000
1652.0000
758.0000
3218.0000
738.0000
500.0000
267.0000
3340.0000
1944.0000
2336.0000
2640.0000
2962.0000
758.0000
2512.0000
3340.0000
544.0000
3340.0000
950.0000
1368.0000
2859.0000
2906.0000
1579.0000
266.0000
2997.0000
842.0000
1049.0000
3340.0000
824.0000
1473.0000
895.0000
1652.0000
2135.0000
2291.0000
122.0000
2730.0000
1313.0000
3340.0000
3218.0000
1810.0000
2512.0000
2388.0000
758.0000
706.0000
1022.0000
2498.0000
2946.0000
1844.0000
3096.0000
1205.0000
2390.0000
2765.0000
1266.0000
2211.0000
2169.0000
1739.0000
2122.0000
1496.0000
556.0000
2074.0000
2155.0000
256.0000
2336.0000
1902.0000
1171.0000
1129.0000
2962.0000
2962.0000
824.0000
1207.0000
2906.0000
2969.0000
214.0000
3340.0000
700.0000
2027.0000
2962.0000
371.0000
