#n = 11
2235.0000
1494.0000
2235.0000
1389.0000
75.0000
1826.0000
1723.0000
992.0000
933.0000
1903.0000
601.0000
1901.0000
1903.0000
1968.0000
2235.0000
1634.0000
409.0000
2160.0000
1978.0000
601.0000
245.0000
1978.0000
1723.0000
703.0000
1425.0000
375.0000
992.0000
1379.0000
1348.0000
2182.0000
567.0000
2085.0000
1243.0000
1302.0000
810.0000
1978.0000
150.0000
1628.0000
2235.0000
1644.0000
1168.0000
1714.0000
2160.0000
1103.0000
666.0000
660.0000
409.0000
2235.0000
703.0000
2160.0000
446.0000
409.0000
1123.0000
1314.0000
75.0000
992.0000
1569.0000
1714.0000
1668.0000
1634.0000
1123.0000
858.0000
1401.0000
1243.0000
601.0000
1999.0000
666.0000
607.0000
1913.0000
666.0000
150.0000
2160.0000
1860.0000
2235.0000
2235.0000
703.0000
1575.0000
75.0000
1913.0000
1624.0000
75.0000
1425.0000
1243.0000
1348.0000
2160.0000
933.0000
2235.0000
2235.0000
666.0000
257.0000
1903.0000
1532.0000
2235.0000
1296.0000
591.0000
1123.0000
289.0000
512.0000
150.0000
1978.0000
1168.0000
53.0000
1978.0000
1103.0000
2235.0000
1990.0000
1575.0000
834.0000
1913.0000
2160.0000
810.0000
1296.0000
2235.0000
1112.0000
375.0000
735.0000
620.0000
939.0000
1644.0000
2160.0000
856.0000
