#n = 9
563.0000
591.0000
444.0000
2190.0000
629.0000
1927.0000
1598.0000
2073.0000
891.0000
329.0000
262.0000
1483.0000
1155.0000
329.0000
1627.0000
1861.0000
1190.0000
2190.0000
707.0000
1117.0000
854.0000
1627.0000
855.0000
1928.0000
563.0000
1890.0000
706.0000
1890.0000
591.0000
891.0000
1861.0000
1484.0000
773.0000
1073.0000
1335.0000
1190.0000
706.0000
1890.0000
1073.0000
1417.0000
329.0000
969.0000
1190.0000
969.0000
2190.0000
592.0000
592.0000
2008.0000
892.0000
1861.0000
299.0000
1036.0000
892.0000
1598.0000
561.0000
2190.0000
1453.0000
1598.0000
299.0000
1561.0000
1746.0000
2190.0000
706.0000
1221.0000
1891.0000
1036.0000
1298.0000
300.0000
1782.0000
1483.0000
1299.0000
890.0000
892.0000
1629.0000
1300.0000
1746.0000
1627.0000
1336.0000
1298.0000
1484.0000
1629.0000
