#n = 12
1340.0000
1084.0000
2007.0000
1571.0000
1705.0000
2657.0000
2541.0000
1457.0000
1909.0000
974.0000
2117.0000
2280.0000
2064.0000
1230.0000
1567.0000
1891.0000
1084.0000
709.0000
432.0000
803.0000
243.0000
1828.0000
2286.0000
2547.0000
1567.0000
1137.0000
1086.0000
830.0000
2064.0000
116.0000
2164.0000
1630.0000
1693.0000
1827.0000
1230.0000
1567.0000
2007.0000
1456.0000
841.0000
2054.0000
434.0000
1967.0000
1827.0000
2158.0000
2060.0000
2657.0000
1520.0000
766.0000
1705.0000
226.0000
1457.0000
974.0000
2451.0000
1457.0000
1567.0000
1024.0000
1816.0000
2541.0000
206.0000
2657.0000
1024.0000
2280.0000
1027.0000
974.0000
731.0000
1793.0000
1683.0000
432.0000
2341.0000
2007.0000
371.0000
1683.0000
1086.0000
1080.0000
1200.0000
864.0000
1683.0000
1427.0000
1456.0000
2158.0000
206.0000
2158.0000
1571.0000
2657.0000
2286.0000
2225.0000
371.0000
499.0000
371.0000
2657.0000
2657.0000
2204.0000
2657.0000
2054.0000
487.0000
1633.0000
2657.0000
2529.0000
597.0000
1027.0000
2223.0000
1230.0000
1573.0000
371.0000
980.0000
2547.0000
2158.0000
1677.0000
2451.0000
2541.0000
2529.0000
748.0000
768.0000
1137.0000
803.0000
1630.0000
2320.0000
1571.0000
2529.0000
434.0000
2341.0000
397.0000
2064.0000
1854.0000
2170.0000
116.0000
2320.0000
836.0000
1705.0000
1024.0000
1700.0000
768.0000
1361.0000
432.0000
980.0000
593.0000
1457.0000
1329.0000
2657.0000
803.0000
2064.0000
974.0000
2117.0000
830.0000
