#n = 19
2174.0000
2820.0000
734.0000
3637.0000
3873.0000
2999.0000
1047.0000
3121.0000
470.0000
430.0000
560.0000
378.0000
2119.0000
504.0000
4293.0000
3012.0000
1198.0000
2396.0000
1723.0000
1386.0000
2278.0000
2580.0000
2809.0000
3377.0000
2241.0000
4030.0000
1718.0000
477.0000
4293.0000
3477.0000
503.0000
1970.0000
2831.0000
1897.0000
163.0000
3134.0000
3979.0000
699.0000
1484.0000
3626.0000
4293.0000
1202.0000
1931.0000
1069.0000
1139.0000
1729.0000
2872.0000
3991.0000
122.0000
1665.0000
638.0000
314.0000
2935.0000
2580.0000
2634.0000
3655.0000
3425.0000
542.0000
980.0000
1209.0000
3637.0000
1659.0000
1069.0000
2594.0000
1775.0000
1859.0000
2630.0000
699.0000
3031.0000
3239.0000
4293.0000
2226.0000
3688.0000
1411.0000
3873.0000
3012.0000
493.0000
1159.0000
2831.0000
772.0000
4085.0000
96.0000
3873.0000
1961.0000
2570.0000
378.0000
2119.0000
1659.0000
3090.0000
1565.0000
2728.0000
2433.0000
980.0000
4071.0000
3187.0000
1550.0000
227.0000
3031.0000
247.0000
3425.0000
2999.0000
4293.0000
493.0000
2015.0000
1386.0000
2278.0000
3187.0000
1106.0000
2542.0000
4293.0000
374.0000
3487.0000
4107.0000
3149.0000
3239.0000
3727.0000
1956.0000
1209.0000
996.0000
996.0000
3185.0000
356.0000
3896.0000
3095.0000
3185.0000
3084.0000
3816.0000
2362.0000
4011.0000
816.0000
981.0000
4293.0000
4130.0000
2743.0000
3733.0000
855.0000
1574.0000
3342.0000
2110.0000
3303.0000
192.0000
2153.0000
1629.0000
3246.0000
2250.0000
2067.0000
4229.0000
2279.0000
493.0000
3644.0000
2178.0000
3133.0000
3134.0000
4293.0000
1294.0000
3637.0000
3900.0000
4293.0000
2015.0000
510.0000
2446.0000
1076.0000
3783.0000
2178.0000
2728.0000
566.0000
2250.0000
2362.0000
2328.0000
2206.0000
733.0000
2883.0000
2656.0000
247.0000
1965.0000
1565.0000
1106.0000
2087.0000
772.0000
2350.0000
1198.0000
2564.0000
638.0000
1420.0000
1897.0000
1386.0000
3109.0000
1421.0000
2400.0000
4293.0000
3397.0000
2907.0000
1202.0000
2935.0000
2317.0000
3915.0000
1970.0000
2580.0000
3900.0000
1069.0000
3012.0000
806.0000
4293.0000
4293.0000
1454.0000
868.0000
566.0000
3823.0000
2337.0000
1859.0000
2710.0000
2542.0000
4293.0000
4011.0000
579.0000
218.0000
222.0000
1411.0000
4101.0000
2055.0000
3800.0000
1466.0000
2907.0000
2015.0000
3521.0000
4171.0000
1294.0000
222.0000
1775.0000
3688.0000
3133.0000
2614.0000
1775.0000
806.0000
772.0000
3900.0000
503.0000
3386.0000
3303.0000
4293.0000
3031.0000
1236.0000
2174.0000
4293.0000
2594.0000
1847.0000
649.0000
4293.0000
605.0000
2625.0000
883.0000
3896.0000
3317.0000
1718.0000
3012.0000
493.0000
732.0000
3410.0000
2575.0000
218.0000
3217.0000
1366.0000
2675.0000
3624.0000
2984.0000
560.0000
4066.0000
754.0000
2279.0000
1486.0000
2417.0000
907.0000
3477.0000
2809.0000
3185.0000
2719.0000
3594.0000
542.0000
2226.0000
883.0000
3823.0000
2278.0000
734.0000
1202.0000
772.0000
3783.0000
1358.0000
64.0000
2043.0000
3541.0000
247.0000
4293.0000
3900.0000
2362.0000
2465.0000
3900.0000
3057.0000
3896.0000
605.0000
3863.0000
1244.0000
2328.0000
2362.0000
3410.0000
3655.0000
4085.0000
64.0000
510.0000
1172.0000
2140.0000
4293.0000
1047.0000
3317.0000
2396.0000
2877.0000
3816.0000
2369.0000
3863.0000
2183.0000
976.0000
3526.0000
2518.0000
1674.0000
2396.0000
4293.0000
638.0000
263.0000
1377.0000
2877.0000
2400.0000
1486.0000
1454.0000
1420.0000
3084.0000
2719.0000
313.0000
1184.0000
3617.0000
3637.0000
1209.0000
3560.0000
222.0000
3154.0000
1236.0000
951.0000
855.0000
2043.0000
1718.0000
313.0000
4293.0000
1473.0000
1159.0000
1054.0000
2807.0000
378.0000
1965.0000
186.0000
767.0000
3521.0000
4130.0000
855.0000
