#n = 19
4032.0000
1862.0000
1082.0000
2347.0000
499.0000
2875.0000
116.0000
3892.0000
3899.0000
3778.0000
1510.0000
214.0000
1253.0000
2523.0000
2559.0000
2939.0000
2894.0000
868.0000
3992.0000
2428.0000
3876.0000
383.0000
3476.0000
3636.0000
3743.0000
765.0000
516.0000
2758.0000
3547.0000
1027.0000
2338.0000
1001.0000
942.0000
3059.0000
712.0000
3899.0000
697.0000
601.0000
4139.0000
1681.0000
1211.0000
1816.0000
1286.0000
4259.0000
953.0000
2052.0000
3615.0000
760.0000
4021.0000
2459.0000
1381.0000
3992.0000
3493.0000
4032.0000
3591.0000
765.0000
3839.0000
1381.0000
1316.0000
882.0000
599.0000
599.0000
2523.0000
4300.0000
3849.0000
1864.0000
2694.0000
1932.0000
1563.0000
3293.0000
953.0000
485.0000
354.0000
2338.0000
312.0000
2275.0000
1348.0000
3248.0000
3027.0000
4375.0000
3507.0000
4375.0000
3819.0000
942.0000
2395.0000
2742.0000
1812.0000
1796.0000
1995.0000
116.0000
3062.0000
1286.0000
2592.0000
1394.0000
2749.0000
632.0000
4139.0000
3778.0000
2564.0000
1001.0000
3179.0000
3580.0000
63.0000
4021.0000
3472.0000
551.0000
2823.0000
3035.0000
526.0000
1852.0000
3824.0000
3422.0000
1916.0000
2928.0000
739.0000
3591.0000
1995.0000
4021.0000
1265.0000
2935.0000
4259.0000
2956.0000
395.0000
1824.0000
953.0000
3957.0000
4375.0000
828.0000
994.0000
1381.0000
4075.0000
1127.0000
2223.0000
1313.0000
1009.0000
2823.0000
1591.0000
1681.0000
1811.0000
3547.0000
1344.0000
1608.0000
599.0000
3776.0000
1626.0000
4259.0000
2223.0000
2946.0000
3849.0000
354.0000
3298.0000
1993.0000
3472.0000
2692.0000
214.0000
2876.0000
3293.0000
2979.0000
2956.0000
2749.0000
1498.0000
528.0000
485.0000
214.0000
3839.0000
749.0000
656.0000
3847.0000
4259.0000
2823.0000
3588.0000
3880.0000
911.0000
3444.0000
2430.0000
256.0000
3876.0000
2979.0000
632.0000
214.0000
1739.0000
3059.0000
2395.0000
2035.0000
4375.0000
4375.0000
953.0000
1916.0000
4375.0000
994.0000
3366.0000
1748.0000
4375.0000
3433.0000
1077.0000
516.0000
3591.0000
1253.0000
2443.0000
749.0000
3899.0000
3035.0000
2207.0000
2879.0000
597.0000
4075.0000
3776.0000
182.0000
2223.0000
1394.0000
2763.0000
2323.0000
551.0000
4032.0000
256.0000
369.0000
1196.0000
2223.0000
1633.0000
343.0000
2080.0000
3507.0000
2684.0000
4193.0000
3743.0000
4375.0000
4375.0000
1429.0000
354.0000
1286.0000
3031.0000
4375.0000
2935.0000
4139.0000
343.0000
3859.0000
2413.0000
2168.0000
100.0000
4375.0000
3678.0000
1344.0000
1084.0000
2758.0000
2430.0000
1009.0000
2627.0000
100.0000
1560.0000
3110.0000
1739.0000
1811.0000
765.0000
3031.0000
4375.0000
1151.0000
3859.0000
1348.0000
1783.0000
3248.0000
1783.0000
1496.0000
2100.0000
2879.0000
911.0000
4130.0000
3839.0000
2443.0000
632.0000
2282.0000
2812.0000
2338.0000
4375.0000
2876.0000
354.0000
4132.0000
1436.0000
1560.0000
1286.0000
2579.0000
356.0000
182.0000
3248.0000
4242.0000
839.0000
2347.0000
2428.0000
369.0000
2223.0000
417.0000
4193.0000
1980.0000
2894.0000
953.0000
356.0000
1691.0000
2692.0000
2268.0000
2742.0000
3715.0000
495.0000
1995.0000
3035.0000
4193.0000
4375.0000
2559.0000
2742.0000
1683.0000
1440.0000
3059.0000
2812.0000
4375.0000
1394.0000
1617.0000
3743.0000
1027.0000
4032.0000
3536.0000
4075.0000
2767.0000
3507.0000
4075.0000
4375.0000
2875.0000
2295.0000
3348.0000
3179.0000
3374.0000
3743.0000
1001.0000
2939.0000
3547.0000
2561.0000
3776.0000
1027.0000
4130.0000
899.0000
2107.0000
2395.0000
1001.0000
3588.0000
495.0000
1009.0000
3122.0000
2564.0000
1947.0000
3899.0000
2428.0000
1151.0000
183.0000
1265.0000
3899.0000
1560.0000
1980.0000
476.0000
4375.0000
3433.0000
528.0000
2636.0000
3035.0000
499.0000
