#n = 18
4044.0000
473.0000
961.0000
63.0000
1881.0000
1879.0000
1875.0000
488.0000
3778.0000
3516.0000
1542.0000
322.0000
62.0000
1326.0000
2840.0000
2916.0000
1213.0000
3153.0000
3063.0000
4035.0000
1181.0000
334.0000
4715.0000
1280.0000
4715.0000
4354.0000
2840.0000
3585.0000
957.0000
2259.0000
2293.0000
4016.0000
2899.0000
4378.0000
3153.0000
1259.0000
337.0000
2833.0000
3708.0000
1816.0000
2886.0000
2422.0000
1213.0000
3836.0000
1955.0000
4227.0000
3378.0000
3685.0000
4715.0000
4354.0000
2422.0000
3389.0000
2201.0000
1337.0000
4715.0000
2577.0000
2259.0000
245.0000
3254.0000
4453.0000
699.0000
3172.0000
1898.0000
863.0000
1875.0000
3173.0000
4127.0000
1622.0000
1276.0000
2741.0000
2574.0000
2231.0000
1560.0000
1461.0000
4127.0000
1542.0000
4458.0000
2231.0000
256.0000
3208.0000
1605.0000
4715.0000
2515.0000
3254.0000
3645.0000
2741.0000
933.0000
2823.0000
4303.0000
1204.0000
1636.0000
600.0000
4715.0000
3743.0000
2574.0000
2583.0000
4227.0000
3421.0000
4470.0000
937.0000
1955.0000
2504.0000
361.0000
322.0000
618.0000
1199.0000
4044.0000
4715.0000
1622.0000
1613.0000
2138.0000
519.0000
3110.0000
863.0000
2504.0000
3102.0000
3771.0000
256.0000
3836.0000
3097.0000
1070.0000
4715.0000
1613.0000
4180.0000
4092.0000
2550.0000
595.0000
4097.0000
2132.0000
1542.0000
4470.0000
4715.0000
4378.0000
4652.0000
3421.0000
699.0000
4570.0000
3645.0000
957.0000
3441.0000
488.0000
2137.0000
2555.0000
4715.0000
745.0000
1302.0000
1326.0000
1882.0000
2550.0000
2583.0000
2200.0000
3830.0000
4303.0000
1560.0000
3497.0000
1636.0000
2432.0000
3155.0000
2583.0000
3970.0000
2160.0000
1181.0000
925.0000
3692.0000
3830.0000
3110.0000
257.0000
3165.0000
4447.0000
1898.0000
3516.0000
4092.0000
3877.0000
1023.0000
3440.0000
3413.0000
1560.0000
2231.0000
1799.0000
1012.0000
4715.0000
2143.0000
1547.0000
1550.0000
617.0000
4134.0000
885.0000
4134.0000
4715.0000
925.0000
1274.0000
3208.0000
1636.0000
2293.0000
4338.0000
2317.0000
4453.0000
2756.0000
2293.0000
2432.0000
1210.0000
4093.0000
3516.0000
1070.0000
1630.0000
2578.0000
4570.0000
267.0000
2920.0000
4715.0000
1521.0000
4303.0000
961.0000
2095.0000
262.0000
325.0000
2141.0000
412.0000
535.0000
3155.0000
588.0000
3097.0000
925.0000
2132.0000
3173.0000
361.0000
1560.0000
2818.0000
1613.0000
588.0000
972.0000
3342.0000
4715.0000
262.0000
2499.0000
4448.0000
2137.0000
3122.0000
1007.0000
2756.0000
3497.0000
319.0000
4393.0000
535.0000
4715.0000
1562.0000
2761.0000
2211.0000
4715.0000
4453.0000
412.0000
1461.0000
4715.0000
4092.0000
2143.0000
4058.0000
3421.0000
2240.0000
680.0000
2756.0000
3782.0000
622.0000
3177.0000
3085.0000
1337.0000
2840.0000
3435.0000
4715.0000
4381.0000
3378.0000
3685.0000
1898.0000
3155.0000
2132.0000
3743.0000
262.0000
1605.0000
4570.0000
3830.0000
266.0000
2484.0000
3172.0000
4127.0000
961.0000
1274.0000
3511.0000
268.0000
4470.0000
535.0000
4119.0000
3359.0000
2201.0000
2141.0000
4715.0000
618.0000
2887.0000
2504.0000
2916.0000
4396.0000
1199.0000
1356.0000
1012.0000
3877.0000
1875.0000
4715.0000
535.0000
412.0000
4381.0000
325.0000
145.0000
2240.0000
3389.0000
1337.0000
4715.0000
3692.0000
937.0000
1023.0000
1337.0000
3692.0000
1181.0000
1199.0000
4458.0000
925.0000
1593.0000
