#n = 17
1913.0000
2549.0000
2798.0000
2659.0000
2798.0000
2885.0000
3121.0000
2537.0000
2322.0000
1576.0000
482.0000
3665.0000
3378.0000
1406.0000
721.0000
2768.0000
3490.0000
1460.0000
2303.0000
262.0000
1601.0000
1673.0000
1198.0000
2661.0000
2553.0000
1673.0000
1574.0000
1848.0000
3768.0000
1482.0000
3397.0000
3274.0000
1699.0000
1972.0000
3768.0000
2303.0000
2897.0000
2479.0000
3299.0000
1972.0000
2314.0000
1673.0000
1958.0000
3769.0000
2687.0000
3768.0000
3011.0000
3011.0000
3184.0000
476.0000
2901.0000
3147.0000
701.0000
3506.0000
3264.0000
505.0000
2192.0000
3054.0000
1715.0000
3397.0000
3390.0000
3628.0000
116.0000
1673.0000
3768.0000
2061.0000
2907.0000
3031.0000
1715.0000
495.0000
1673.0000
729.0000
974.0000
974.0000
1098.0000
3527.0000
507.0000
1717.0000
2314.0000
2810.0000
1926.0000
3170.0000
1458.0000
870.0000
1972.0000
3196.0000
3037.0000
3507.0000
493.0000
3885.0000
2537.0000
1098.0000
220.0000
3563.0000
2186.0000
3306.0000
3652.0000
331.0000
3885.0000
874.0000
721.0000
3775.0000
2432.0000
2075.0000
2076.0000
3769.0000
1449.0000
2168.0000
331.0000
3885.0000
3885.0000
3628.0000
3885.0000
1454.0000
1246.0000
3121.0000
2652.0000
1482.0000
854.0000
377.0000
1075.0000
2885.0000
3121.0000
2897.0000
2427.0000
1454.0000
128.0000
3885.0000
860.0000
1454.0000
2427.0000
1576.0000
2309.0000
1673.0000
3031.0000
2330.0000
2100.0000
715.0000
1804.0000
2170.0000
3563.0000
3011.0000
2787.0000
1717.0000
2661.0000
701.0000
3885.0000
3665.0000
1238.0000
3287.0000
2403.0000
2446.0000
2677.0000
1582.0000
1574.0000
3885.0000
1458.0000
349.0000
1834.0000
2680.0000
2427.0000
2797.0000
715.0000
3001.0000
3757.0000
3132.0000
1834.0000
717.0000
874.0000
1595.0000
2647.0000
116.0000
3885.0000
1208.0000
627.0000
2769.0000
233.0000
3769.0000
110.0000
3536.0000
1116.0000
2427.0000
1804.0000
2798.0000
358.0000
128.0000
2170.0000
1834.0000
475.0000
3757.0000
2909.0000
1913.0000
1088.0000
3306.0000
3258.0000
476.0000
495.0000
3507.0000
250.0000
2647.0000
1439.0000
1192.0000
2076.0000
1563.0000
1096.0000
717.0000
233.0000
3121.0000
1315.0000
3487.0000
3142.0000
1958.0000
117.0000
1084.0000
3274.0000
689.0000
3403.0000
3628.0000
2427.0000
2647.0000
1206.0000
1081.0000
974.0000
1702.0000
3885.0000
2425.0000
1810.0000
495.0000
2100.0000
110.0000
398.0000
116.0000
3885.0000
3885.0000
1226.0000
2446.0000
3885.0000
3885.0000
1663.0000
3769.0000
2907.0000
3623.0000
349.0000
116.0000
2322.0000
1810.0000
2322.0000
738.0000
3885.0000
2192.0000
1804.0000
1117.0000
1406.0000
3554.0000
331.0000
2212.0000
2549.0000
715.0000
2680.0000
476.0000
2769.0000
1087.0000
2431.0000
586.0000
3280.0000
3885.0000
3885.0000
2051.0000
3410.0000
2687.0000
3275.0000
984.0000
2901.0000
689.0000
493.0000
1460.0000
2801.0000
984.0000
753.0000
3768.0000
488.0000
2068.0000
495.0000
3536.0000
2081.0000
3563.0000
505.0000
2921.0000
689.0000
