#n = 16
1825.0000
3166.0000
911.0000
1384.0000
1450.0000
1444.0000
2284.0000
4333.0000
3443.0000
2844.0000
694.0000
851.0000
3166.0000
1882.0000
3422.0000
3131.0000
2479.0000
3639.0000
2366.0000
1127.0000
3962.0000
2542.0000
3385.0000
913.0000
573.0000
1870.0000
3076.0000
3398.0000
2186.0000
4333.0000
683.0000
3848.0000
3826.0000
1128.0000
3483.0000
3385.0000
277.0000
948.0000
3483.0000
2159.0000
2949.0000
4333.0000
3166.0000
2463.0000
3206.0000
2636.0000
573.0000
3235.0000
3294.0000
3235.0000
2681.0000
2997.0000
1882.0000
2361.0000
1248.0000
1791.0000
1601.0000
913.0000
2072.0000
2451.0000
3422.0000
935.0000
1176.0000
2857.0000
1508.0000
1821.0000
1824.0000
890.0000
507.0000
2049.0000
4333.0000
554.0000
658.0000
2451.0000
440.0000
4125.0000
3076.0000
2195.0000
3362.0000
1128.0000
4115.0000
1375.0000
3779.0000
1882.0000
648.0000
658.0000
4333.0000
573.0000
3571.0000
2883.0000
1870.0000
3274.0000
2355.0000
3353.0000
3799.0000
1375.0000
658.0000
3362.0000
3826.0000
4056.0000
4125.0000
1697.0000
971.0000
3939.0000
3420.0000
3017.0000
371.0000
573.0000
1701.0000
1433.0000
4333.0000
3522.0000
4333.0000
1375.0000
2740.0000
218.0000
2632.0000
4333.0000
772.0000
2072.0000
277.0000
3398.0000
3675.0000
694.0000
1601.0000
1199.0000
1222.0000
3131.0000
3420.0000
1489.0000
1972.0000
1824.0000
4020.0000
2909.0000
762.0000
3779.0000
1199.0000
3650.0000
4333.0000
2825.0000
2196.0000
2159.0000
4016.0000
289.0000
1450.0000
4333.0000
1825.0000
4333.0000
4333.0000
3206.0000
935.0000
2138.0000
3166.0000
371.0000
4056.0000
717.0000
2255.0000
2147.0000
3294.0000
658.0000
3571.0000
2900.0000
534.0000
473.0000
3571.0000
1825.0000
1661.0000
717.0000
2825.0000
1137.0000
4056.0000
2834.0000
3779.0000
1854.0000
1202.0000
4125.0000
2355.0000
2451.0000
3799.0000
4056.0000
2174.0000
4333.0000
1652.0000
1815.0000
371.0000
1261.0000
2883.0000
3939.0000
1573.0000
1384.0000
1156.0000
1375.0000
922.0000
2681.0000
1499.0000
3826.0000
202.0000
3685.0000
404.0000
4131.0000
1316.0000
534.0000
851.0000
265.0000
2078.0000
1890.0000
890.0000
890.0000
2834.0000
4333.0000
1967.0000
4333.0000
980.0000
971.0000
717.0000
3760.0000
2225.0000
2359.0000
2174.0000
3685.0000
4333.0000
1019.0000
2672.0000
683.0000
3650.0000
1967.0000
3483.0000
2108.0000
3792.0000
4105.0000
4068.0000
2366.0000
890.0000
2508.0000
1489.0000
762.0000
3411.0000
1593.0000
3443.0000
4105.0000
4020.0000
381.0000
1433.0000
3962.0000
4333.0000
440.0000
1444.0000
2795.0000
2424.0000
3274.0000
1824.0000
1257.0000
1890.0000
3017.0000
2284.0000
3420.0000
