#n = 13
2979.0000
738.0000
1560.0000
1025.0000
2962.0000
1578.0000
1185.0000
3340.0000
1560.0000
651.0000
2262.0000
1438.0000
2518.0000
738.0000
1316.0000
1316.0000
1791.0000
1810.0000
2169.0000
3074.0000
394.0000
1902.0000
2997.0000
2318.0000
1004.0000
378.0000
2603.0000
2390.0000
2512.0000
1022.0000
2603.0000
1449.0000
2291.0000
2196.0000
395.0000
2390.0000
471.0000
2027.0000
2906.0000
3218.0000
2784.0000
3340.0000
895.0000
2603.0000
812.0000
1129.0000
267.0000
544.0000
2567.0000
2498.0000
2315.0000
1078.0000
1449.0000
1266.0000
1761.0000
2528.0000
1560.0000
1473.0000
578.0000
2869.0000
1327.0000
183.0000
1530.0000
2122.0000
3340.0000
1774.0000
610.0000
842.0000
1867.0000
267.0000
2786.0000
2291.0000
1396.0000
1891.0000
3340.0000
2388.0000
842.0000
3096.0000
1327.0000
828.0000
2390.0000
3126.0000
3126.0000
2027.0000
1891.0000
1473.0000
1185.0000
1078.0000
1207.0000
3340.0000
3218.0000
2640.0000
610.0000
1368.0000
2030.0000
3096.0000
3084.0000
2196.0000
500.0000
1652.0000
1579.0000
2133.0000
2013.0000
3074.0000
1530.0000
544.0000
2796.0000
2134.0000
2336.0000
3218.0000
471.0000
266.0000
266.0000
3084.0000
1266.0000
2013.0000
842.0000
1496.0000
481.0000
214.0000
2567.0000
2518.0000
1218.0000
2602.0000
122.0000
2445.0000
1972.0000
706.0000
2512.0000
915.0000
1578.0000
3126.0000
1762.0000
1473.0000
3096.0000
1368.0000
2574.0000
2074.0000
2574.0000
2859.0000
183.0000
2318.0000
700.0000
371.0000
1601.0000
128.0000
3340.0000
3340.0000
2027.0000
1496.0000
256.0000
2196.0000
1022.0000
214.0000
2074.0000
1578.0000
2388.0000
1774.0000
2262.0000
2969.0000
706.0000
3218.0000
2582.0000
651.0000
3340.0000
2425.0000
2122.0000
2567.0000
2603.0000
