#n = 18
3782.0000
2222.0000
2817.0000
3153.0000
2283.0000
343.0000
2456.0000
62.0000
4715.0000
4119.0000
3505.0000
1622.0000
2817.0000
863.0000
3435.0000
206.0000
1892.0000
4715.0000
4715.0000
1560.0000
3534.0000
3502.0000
4570.0000
350.0000
2160.0000
745.0000
1130.0000
3389.0000
4715.0000
1012.0000
4372.0000
3378.0000
1630.0000
1861.0000
937.0000
3155.0000
1007.0000
3852.0000
4470.0000
3852.0000
2817.0000
2231.0000
1521.0000
4338.0000
2854.0000
863.0000
3505.0000
937.0000
2422.0000
2463.0000
3773.0000
3173.0000
3155.0000
2515.0000
4127.0000
361.0000
4458.0000
3505.0000
4016.0000
755.0000
1204.0000
262.0000
3173.0000
4092.0000
334.0000
1795.0000
350.0000
3692.0000
3703.0000
3378.0000
145.0000
3168.0000
1636.0000
488.0000
2720.0000
4016.0000
3681.0000
2422.0000
2836.0000
618.0000
4652.0000
3516.0000
1130.0000
1816.0000
2200.0000
4396.0000
3645.0000
4372.0000
4035.0000
4242.0000
972.0000
4390.0000
1898.0000
3773.0000
2240.0000
4093.0000
1240.0000
1560.0000
596.0000
4044.0000
2222.0000
3153.0000
838.0000
2200.0000
1259.0000
4653.0000
3173.0000
1030.0000
4372.0000
2760.0000
4448.0000
4715.0000
944.0000
680.0000
4715.0000
879.0000
3110.0000
1218.0000
2761.0000
2916.0000
4035.0000
1023.0000
3153.0000
4035.0000
937.0000
2916.0000
1875.0000
588.0000
2514.0000
4119.0000
755.0000
4354.0000
1461.0000
245.0000
1012.0000
206.0000
1652.0000
3645.0000
3194.0000
535.0000
2577.0000
1630.0000
4044.0000
3960.0000
2422.0000
3028.0000
4242.0000
267.0000
2756.0000
3439.0000
2138.0000
3754.0000
4715.0000
2484.0000
2515.0000
473.0000
2818.0000
535.0000
3155.0000
2165.0000
3516.0000
2720.0000
1181.0000
4715.0000
2484.0000
1034.0000
3778.0000
1630.0000
1012.0000
1030.0000
1507.0000
257.0000
3778.0000
618.0000
3155.0000
838.0000
3475.0000
925.0000
2143.0000
3378.0000
4112.0000
4449.0000
4715.0000
2160.0000
2834.0000
1799.0000
1829.0000
2577.0000
4134.0000
2818.0000
1070.0000
4390.0000
1507.0000
3773.0000
1007.0000
3413.0000
2577.0000
3441.0000
4180.0000
519.0000
4715.0000
1240.0000
1622.0000
4715.0000
2760.0000
3194.0000
4715.0000
1995.0000
2138.0000
1898.0000
4044.0000
2741.0000
412.0000
4448.0000
2818.0000
2138.0000
2550.0000
2760.0000
4093.0000
3165.0000
4458.0000
680.0000
925.0000
1070.0000
319.0000
3439.0000
1030.0000
1687.0000
3177.0000
3754.0000
2095.0000
588.0000
2760.0000
3413.0000
1204.0000
2456.0000
2574.0000
603.0000
2761.0000
3708.0000
4715.0000
2231.0000
1373.0000
925.0000
1652.0000
3378.0000
4044.0000
4098.0000
4044.0000
319.0000
4133.0000
3516.0000
1538.0000
1560.0000
2201.0000
3173.0000
4570.0000
2756.0000
4378.0000
4338.0000
1280.0000
925.0000
2216.0000
1480.0000
4715.0000
680.0000
1280.0000
1995.0000
3782.0000
944.0000
4044.0000
3970.0000
2432.0000
581.0000
4058.0000
933.0000
267.0000
2216.0000
3853.0000
2899.0000
3155.0000
2583.0000
1337.0000
1959.0000
3165.0000
4058.0000
3153.0000
4470.0000
3758.0000
965.0000
4715.0000
3102.0000
1875.0000
1302.0000
1240.0000
2504.0000
1799.0000
1181.0000
2216.0000
4092.0000
3852.0000
4378.0000
1521.0000
3502.0000
2293.0000
2216.0000
4715.0000
1356.0000
3439.0000
4715.0000
3440.0000
862.0000
2160.0000
1799.0000
4372.0000
3439.0000
4715.0000
1954.0000
2141.0000
657.0000
1861.0000
145.0000
1804.0000
4134.0000
