#n = 10
1130.0000
449.0000
2234.0000
1486.0000
604.0000
1630.0000
897.0000
222.0000
1257.0000
1050.0000
2234.0000
1501.0000
1882.0000
1630.0000
1863.0000
371.0000
301.0000
601.0000
977.0000
601.0000
523.0000
2234.0000
977.0000
1852.0000
1406.0000
2234.0000
581.0000
2092.0000
210.0000
897.0000
1274.0000
755.0000
1723.0000
882.0000
977.0000
875.0000
229.0000
883.0000
2234.0000
1050.0000
1274.0000
1708.0000
1104.0000
1653.0000
1863.0000
227.0000
2234.0000
1406.0000
1711.0000
2234.0000
604.0000
903.0000
2079.0000
352.0000
1708.0000
1932.0000
1581.0000
2079.0000
604.0000
1630.0000
960.0000
224.0000
224.0000
1633.0000
1329.0000
1933.0000
1852.0000
301.0000
1708.0000
1630.0000
1857.0000
210.0000
1119.0000
1630.0000
748.0000
1863.0000
2234.0000
2234.0000
1882.0000
2234.0000
1785.0000
1630.0000
1274.0000
222.0000
1785.0000
905.0000
1050.0000
377.0000
1561.0000
2234.0000
2234.0000
1127.0000
1933.0000
301.0000
2079.0000
446.0000
1863.0000
301.0000
449.0000
903.0000
