#n = 9
1237.0000
507.0000
646.0000
646.0000
417.0000
437.0000
337.0000
1052.0000
2081.0000
811.0000
317.0000
482.0000
2081.0000
256.0000
1366.0000
108.0000
1469.0000
2081.0000
1366.0000
2081.0000
1948.0000
1484.0000
1110.0000
1617.0000
329.0000
612.0000
100.0000
2081.0000
437.0000
1752.0000
1079.0000
1599.0000
1261.0000
437.0000
329.0000
2081.0000
356.0000
1128.0000
1128.0000
1707.0000
1128.0000
1152.0000
2081.0000
1973.0000
2081.0000
329.0000
337.0000
1366.0000
464.0000
1261.0000
2081.0000
1825.0000
1079.0000
944.0000
1484.0000
1825.0000
1744.0000
823.0000
1052.0000
971.0000
2081.0000
1408.0000
844.0000
1574.0000
1327.0000
1466.0000
711.0000
1599.0000
1469.0000
1852.0000
823.0000
1744.0000
1764.0000
820.0000
2081.0000
1617.0000
773.0000
1707.0000
1261.0000
417.0000
2081.0000
