#n = 20
4935.0000
2527.0000
4042.0000
838.0000
2675.0000
2206.0000
4609.0000
1624.0000
5092.0000
719.0000
2044.0000
5202.0000
3471.0000
3473.0000
2031.0000
5202.0000
1744.0000
2463.0000
3167.0000
4098.0000
600.0000
4244.0000
2974.0000
2594.0000
4609.0000
4368.0000
4825.0000
2546.0000
3909.0000
3879.0000
2987.0000
841.0000
2814.0000
4368.0000
2531.0000
327.0000
1606.0000
1853.0000
350.0000
5127.0000
2205.0000
4540.0000
2779.0000
110.0000
2869.0000
343.0000
5202.0000
2165.0000
511.0000
5202.0000
834.0000
2001.0000
2344.0000
709.0000
1039.0000
4544.0000
841.0000
1822.0000
4609.0000
1830.0000
841.0000
1994.0000
2739.0000
1822.0000
2070.0000
471.0000
2539.0000
4042.0000
3999.0000
5020.0000
3831.0000
4483.0000
2739.0000
3517.0000
2205.0000
3831.0000
4902.0000
2313.0000
927.0000
4720.0000
838.0000
300.0000
2070.0000
3317.0000
1869.0000
3551.0000
511.0000
3221.0000
4254.0000
593.0000
3221.0000
2815.0000
145.0000
4197.0000
3712.0000
5020.0000
841.0000
2087.0000
4849.0000
2815.0000
5202.0000
3566.0000
4575.0000
4609.0000
3221.0000
1822.0000
5202.0000
903.0000
3132.0000
4464.0000
4281.0000
511.0000
1681.0000
3106.0000
3527.0000
1431.0000
1285.0000
4902.0000
709.0000
4493.0000
4957.0000
3944.0000
2827.0000
1253.0000
4464.0000
838.0000
4483.0000
3345.0000
1140.0000
782.0000
1606.0000
2814.0000
1351.0000
3014.0000
2656.0000
353.0000
1857.0000
2546.0000
962.0000
440.0000
5202.0000
3775.0000
782.0000
1857.0000
2035.0000
4957.0000
4721.0000
593.0000
3201.0000
1565.0000
4731.0000
4483.0000
3712.0000
2060.0000
2608.0000
3866.0000
4420.0000
3831.0000
2676.0000
300.0000
854.0000
2539.0000
5202.0000
2387.0000
3949.0000
4356.0000
600.0000
5057.0000
2188.0000
3954.0000
1585.0000
4859.0000
1606.0000
1685.0000
1479.0000
903.0000
3831.0000
3820.0000
545.0000
4825.0000
4774.0000
1039.0000
3473.0000
2389.0000
1138.0000
2294.0000
300.0000
3127.0000
2899.0000
5202.0000
1479.0000
5139.0000
2035.0000
4281.0000
5202.0000
300.0000
3773.0000
4902.0000
4420.0000
3890.0000
4244.0000
406.0000
1431.0000
3879.0000
245.0000
4116.0000
2815.0000
2656.0000
5202.0000
3022.0000
2096.0000
658.0000
4499.0000
3115.0000
834.0000
1557.0000
4042.0000
5202.0000
4118.0000
145.0000
2676.0000
2463.0000
2526.0000
1223.0000
1857.0000
75.0000
4493.0000
1906.0000
5202.0000
5202.0000
5202.0000
3771.0000
1830.0000
5017.0000
4890.0000
854.0000
703.0000
2228.0000
3167.0000
2215.0000
4902.0000
3820.0000
2656.0000
245.0000
5202.0000
1830.0000
2533.0000
662.0000
3454.0000
3527.0000
2987.0000
4935.0000
3645.0000
2997.0000
4364.0000
440.0000
841.0000
5092.0000
4197.0000
1336.0000
2814.0000
3928.0000
3699.0000
1960.0000
1490.0000
1104.0000
5017.0000
993.0000
1005.0000
927.0000
482.0000
4118.0000
3014.0000
1951.0000
5202.0000
3345.0000
2899.0000
4419.0000
644.0000
3637.0000
3132.0000
3167.0000
4607.0000
4859.0000
2413.0000
5202.0000
4368.0000
4844.0000
3037.0000
841.0000
2035.0000
2515.0000
2546.0000
1371.0000
3686.0000
5202.0000
1408.0000
2687.0000
2281.0000
1140.0000
1830.0000
4544.0000
948.0000
182.0000
956.0000
1248.0000
5202.0000
2298.0000
2739.0000
2515.0000
5202.0000
2669.0000
4902.0000
4361.0000
327.0000
5202.0000
3508.0000
3578.0000
2205.0000
1906.0000
2687.0000
1675.0000
5202.0000
5202.0000
4385.0000
3820.0000
4483.0000
5202.0000
1427.0000
2303.0000
4721.0000
5202.0000
185.0000
1906.0000
2675.0000
2294.0000
3527.0000
3645.0000
1031.0000
4042.0000
595.0000
350.0000
2515.0000
4957.0000
3115.0000
3033.0000
2815.0000
841.0000
1258.0000
4544.0000
3504.0000
2526.0000
2169.0000
2899.0000
3879.0000
491.0000
4116.0000
2515.0000
2087.0000
4424.0000
63.0000
3706.0000
4849.0000
4844.0000
1918.0000
1490.0000
4902.0000
2669.0000
343.0000
4611.0000
3979.0000
2180.0000
658.0000
138.0000
1906.0000
3706.0000
3706.0000
2997.0000
395.0000
4607.0000
4825.0000
3521.0000
2515.0000
4807.0000
5202.0000
182.0000
3349.0000
1312.0000
3208.0000
2075.0000
2526.0000
3551.0000
4859.0000
3954.0000
591.0000
3171.0000
300.0000
1685.0000
703.0000
4544.0000
