#n = 17
2897.0000
1555.0000
2901.0000
1081.0000
1453.0000
1000.0000
117.0000
3031.0000
715.0000
2192.0000
2222.0000
1693.0000
250.0000
3015.0000
3768.0000
2290.0000
2921.0000
3554.0000
3275.0000
1315.0000
2768.0000
3164.0000
3665.0000
488.0000
2677.0000
3037.0000
349.0000
122.0000
2897.0000
3490.0000
1571.0000
495.0000
3508.0000
3885.0000
726.0000
701.0000
1715.0000
1088.0000
2801.0000
3885.0000
3665.0000
3258.0000
3665.0000
3275.0000
1576.0000
3885.0000
3885.0000
257.0000
331.0000
3885.0000
3299.0000
3490.0000
1913.0000
3487.0000
1454.0000
3156.0000
3635.0000
1555.0000
2061.0000
3635.0000
488.0000
1479.0000
2322.0000
2290.0000
3885.0000
2068.0000
3885.0000
2330.0000
1332.0000
2885.0000
2907.0000
3513.0000
116.0000
3885.0000
2885.0000
3508.0000
1479.0000
3147.0000
598.0000
2897.0000
717.0000
3563.0000
1226.0000
1439.0000
2804.0000
2804.0000
1088.0000
3056.0000
3390.0000
860.0000
1348.0000
2081.0000
377.0000
1233.0000
3142.0000
1717.0000
3513.0000
2186.0000
2790.0000
2797.0000
322.0000
476.0000
1198.0000
2192.0000
3885.0000
1206.0000
2309.0000
2330.0000
2406.0000
1406.0000
988.0000
3299.0000
1663.0000
3490.0000
3563.0000
1571.0000
3037.0000
3164.0000
3275.0000
358.0000
3392.0000
3380.0000
1927.0000
3001.0000
2911.0000
3378.0000
627.0000
3768.0000
1332.0000
2051.0000
3031.0000
1205.0000
2303.0000
1935.0000
829.0000
1577.0000
3885.0000
1595.0000
831.0000
3769.0000
1577.0000
1699.0000
2314.0000
1453.0000
2921.0000
3652.0000
2446.0000
884.0000
1817.0000
2076.0000
2553.0000
3885.0000
2897.0000
2051.0000
579.0000
3001.0000
2639.0000
689.0000
1673.0000
3885.0000
715.0000
3885.0000
3409.0000
612.0000
2768.0000
2907.0000
1449.0000
1715.0000
3390.0000
2309.0000
482.0000
2693.0000
3159.0000
3274.0000
1458.0000
2563.0000
488.0000
2798.0000
701.0000
117.0000
1848.0000
2901.0000
874.0000
3885.0000
1246.0000
1192.0000
358.0000
1576.0000
1246.0000
1197.0000
398.0000
3885.0000
2431.0000
621.0000
1460.0000
2804.0000
1206.0000
1226.0000
1673.0000
1198.0000
1601.0000
2037.0000
3168.0000
366.0000
1439.0000
3487.0000
1208.0000
874.0000
1224.0000
3490.0000
3196.0000
3769.0000
398.0000
3536.0000
128.0000
1673.0000
1605.0000
1000.0000
3164.0000
2693.0000
3885.0000
250.0000
3142.0000
1958.0000
884.0000
3274.0000
3508.0000
2284.0000
2798.0000
3885.0000
2037.0000
2688.0000
1208.0000
379.0000
3273.0000
1601.0000
507.0000
1693.0000
1605.0000
1959.0000
3763.0000
507.0000
1197.0000
358.0000
1601.0000
3390.0000
349.0000
743.0000
117.0000
988.0000
214.0000
378.0000
2790.0000
1198.0000
110.0000
505.0000
3885.0000
372.0000
764.0000
2659.0000
3885.0000
233.0000
2679.0000
110.0000
1950.0000
1950.0000
3487.0000
3031.0000
753.0000
117.0000
2549.0000
2068.0000
3397.0000
1000.0000
1116.0000
475.0000
2677.0000
3652.0000
2907.0000
2769.0000
3885.0000
1460.0000
1208.0000
2311.0000
3403.0000
2688.0000
884.0000
1699.0000
627.0000
