#n = 9
1782.0000
1453.0000
1927.0000
1891.0000
1861.0000
706.0000
2073.0000
1073.0000
1927.0000
444.0000
1861.0000
855.0000
1861.0000
592.0000
1891.0000
2190.0000
1221.0000
1300.0000
525.0000
1335.0000
1928.0000
855.0000
969.0000
408.0000
1298.0000
1927.0000
1928.0000
1861.0000
892.0000
299.0000
1598.0000
561.0000
444.0000
1927.0000
1598.0000
263.0000
2008.0000
2190.0000
969.0000
1746.0000
2190.0000
1665.0000
891.0000
300.0000
2190.0000
737.0000
2190.0000
1073.0000
1627.0000
2190.0000
737.0000
1073.0000
2190.0000
1665.0000
1927.0000
1927.0000
2045.0000
262.0000
737.0000
1891.0000
1483.0000
737.0000
1890.0000
707.0000
1861.0000
262.0000
444.0000
1598.0000
1117.0000
855.0000
263.0000
1035.0000
1117.0000
1629.0000
299.0000
2045.0000
1629.0000
561.0000
525.0000
1561.0000
1928.0000
