#n = 14
2282.0000
1020.0000
3657.0000
1435.0000
929.0000
3657.0000
1244.0000
3657.0000
2976.0000
1929.0000
2282.0000
709.0000
2976.0000
311.0000
2011.0000
2254.0000
2355.0000
987.0000
3286.0000
2541.0000
285.0000
235.0000
3347.0000
3375.0000
3295.0000
2360.0000
3183.0000
1186.0000
2418.0000
371.0000
3657.0000
2120.0000
3347.0000
2610.0000
2589.0000
2829.0000
356.0000
302.0000
2653.0000
2912.0000
2976.0000
1004.0000
3140.0000
2422.0000
1557.0000
815.0000
310.0000
1052.0000
2120.0000
474.0000
1989.0000
2778.0000
311.0000
2610.0000
3295.0000
356.0000
2084.0000
3295.0000
1537.0000
3657.0000
220.0000
3422.0000
2120.0000
2605.0000
3355.0000
1537.0000
879.0000
2446.0000
718.0000
2541.0000
2263.0000
2418.0000
3364.0000
189.0000
2413.0000
2653.0000
310.0000
1297.0000
879.0000
1302.0000
1424.0000
693.0000
530.0000
1435.0000
122.0000
2842.0000
356.0000
3347.0000
2951.0000
3053.0000
828.0000
706.0000
2756.0000
3346.0000
718.0000
1239.0000
3013.0000
3346.0000
586.0000
1418.0000
3657.0000
2605.0000
482.0000
2422.0000
1537.0000
356.0000
1537.0000
2657.0000
879.0000
1020.0000
3013.0000
3657.0000
991.0000
942.0000
2100.0000
1239.0000
424.0000
2254.0000
2915.0000
3355.0000
586.0000
2471.0000
371.0000
1848.0000
1424.0000
2670.0000
2231.0000
1394.0000
3494.0000
189.0000
3274.0000
3347.0000
2282.0000
991.0000
2728.0000
3437.0000
424.0000
693.0000
58.0000
1032.0000
2360.0000
1297.0000
371.0000
1883.0000
1004.0000
1931.0000
1848.0000
3183.0000
3053.0000
2355.0000
3437.0000
3657.0000
293.0000
3183.0000
658.0000
3657.0000
2964.0000
2670.0000
1646.0000
1052.0000
2385.0000
3283.0000
3127.0000
1709.0000
3274.0000
1573.0000
1116.0000
2222.0000
3657.0000
2963.0000
1618.0000
2263.0000
2360.0000
3657.0000
3657.0000
706.0000
1573.0000
530.0000
2039.0000
1809.0000
2047.0000
1068.0000
189.0000
371.0000
1000.0000
3013.0000
2912.0000
3355.0000
3657.0000
3422.0000
3286.0000
2715.0000
2446.0000
815.0000
2355.0000
2610.0000
