#n = 14
1829.0000
591.0000
1257.0000
3461.0000
577.0000
1988.0000
2870.0000
2700.0000
365.0000
1182.0000
1536.0000
3107.0000
2234.0000
1913.0000
647.0000
1286.0000
1834.0000
885.0000
2438.0000
2719.0000
1572.0000
1913.0000
1767.0000
2516.0000
415.0000
1000.0000
632.0000
2827.0000
761.0000
1360.0000
2759.0000
1473.0000
1360.0000
925.0000
632.0000
1279.0000
591.0000
2838.0000
1829.0000
3218.0000
1889.0000
1255.0000
2175.0000
3461.0000
1230.0000
1360.0000
3119.0000
2438.0000
885.0000
257.0000
1572.0000
2194.0000
3328.0000
3461.0000
510.0000
2951.0000
1470.0000
1640.0000
577.0000
361.0000
3461.0000
2250.0000
702.0000
2101.0000
3229.0000
2250.0000
1000.0000
293.0000
995.0000
2582.0000
2061.0000
1999.0000
577.0000
122.0000
2827.0000
232.0000
2061.0000
510.0000
2719.0000
1510.0000
1821.0000
3194.0000
1257.0000
1360.0000
2206.0000
3127.0000
1572.0000
3461.0000
110.0000
1719.0000
577.0000
3278.0000
2344.0000
3461.0000
2822.0000
2827.0000
834.0000
1821.0000
2182.0000
2803.0000
354.0000
2692.0000
2884.0000
361.0000
1640.0000
1103.0000
1510.0000
2582.0000
2536.0000
3461.0000
1804.0000
2101.0000
2231.0000
1360.0000
1767.0000
3061.0000
1117.0000
1000.0000
3461.0000
2231.0000
879.0000
361.0000
2101.0000
2759.0000
1829.0000
1230.0000
1524.0000
2951.0000
2536.0000
3461.0000
1591.0000
232.0000
2576.0000
354.0000
2206.0000
2829.0000
1524.0000
1572.0000
348.0000
1829.0000
2096.0000
2468.0000
3461.0000
2328.0000
1267.0000
2692.0000
133.0000
632.0000
2279.0000
1821.0000
3461.0000
1230.0000
1889.0000
3061.0000
2175.0000
925.0000
3218.0000
2449.0000
1719.0000
1719.0000
1117.0000
365.0000
1227.0000
3461.0000
1012.0000
2182.0000
3061.0000
3461.0000
3461.0000
1182.0000
3168.0000
2951.0000
2204.0000
3100.0000
3351.0000
1117.0000
1694.0000
3107.0000
3084.0000
2333.0000
2438.0000
537.0000
1211.0000
2700.0000
3351.0000
1117.0000
3119.0000
3461.0000
1999.0000
3107.0000
1267.0000
3107.0000
2234.0000
993.0000
2279.0000
3278.0000
