#n = 13
575.0000
2639.0000
892.0000
417.0000
899.0000
1526.0000
2457.0000
1202.0000
791.0000
892.0000
2204.0000
1244.0000
3032.0000
2608.0000
2241.0000
3032.0000
3032.0000
2398.0000
2140.0000
817.0000
3032.0000
2505.0000
1426.0000
1600.0000
2639.0000
1371.0000
1506.0000
1766.0000
2791.0000
2899.0000
265.0000
3032.0000
527.0000
3032.0000
1189.0000
772.0000
528.0000
133.0000
2398.0000
899.0000
265.0000
417.0000
792.0000
528.0000
997.0000
1561.0000
2425.0000
3032.0000
1033.0000
2634.0000
1109.0000
474.0000
374.0000
2031.0000
2897.0000
1633.0000
599.0000
2715.0000
2215.0000
627.0000
2405.0000
3032.0000
2215.0000
1526.0000
2615.0000
1850.0000
2140.0000
872.0000
2240.0000
289.0000
999.0000
698.0000
1526.0000
2298.0000
1371.0000
1664.0000
3032.0000
772.0000
1368.0000
2634.0000
1526.0000
899.0000
2108.0000
1082.0000
374.0000
2168.0000
2133.0000
2621.0000
2433.0000
833.0000
1033.0000
527.0000
833.0000
1999.0000
374.0000
3032.0000
1533.0000
1134.0000
634.0000
100.0000
2304.0000
1526.0000
2608.0000
1122.0000
2932.0000
1471.0000
3032.0000
2505.0000
2260.0000
1830.0000
1600.0000
1368.0000
310.0000
2324.0000
2727.0000
575.0000
289.0000
2727.0000
241.0000
3032.0000
1189.0000
507.0000
772.0000
241.0000
2715.0000
2715.0000
241.0000
3032.0000
2298.0000
2743.0000
728.0000
507.0000
924.0000
1109.0000
411.0000
3032.0000
899.0000
3032.0000
1033.0000
833.0000
2398.0000
817.0000
1900.0000
999.0000
424.0000
2433.0000
506.0000
1600.0000
2160.0000
2031.0000
2263.0000
734.0000
1998.0000
2658.0000
265.0000
1033.0000
1843.0000
2767.0000
1202.0000
210.0000
924.0000
833.0000
1766.0000
2425.0000
728.0000
2822.0000
2160.0000
2899.0000
2140.0000
