#n = 11
660.0000
1978.0000
2235.0000
567.0000
1575.0000
512.0000
407.0000
1999.0000
332.0000
1227.0000
322.0000
666.0000
992.0000
257.0000
757.0000
2053.0000
1103.0000
778.0000
1314.0000
1314.0000
1132.0000
992.0000
75.0000
1628.0000
1860.0000
2235.0000
1668.0000
757.0000
846.0000
735.0000
660.0000
1296.0000
1946.0000
446.0000
1008.0000
1221.0000
521.0000
1826.0000
1243.0000
992.0000
407.0000
332.0000
1478.0000
735.0000
1559.0000
1103.0000
1348.0000
2053.0000
601.0000
1014.0000
332.0000
735.0000
1103.0000
257.0000
1377.0000
1714.0000
1348.0000
75.0000
741.0000
1377.0000
591.0000
1296.0000
371.0000
1644.0000
2160.0000
1946.0000
2235.0000
1828.0000
75.0000
992.0000
1860.0000
1494.0000
1860.0000
933.0000
1478.0000
1425.0000
1532.0000
1348.0000
1668.0000
1968.0000
834.0000
887.0000
1723.0000
1634.0000
1057.0000
2235.0000
257.0000
676.0000
1559.0000
446.0000
887.0000
2235.0000
521.0000
735.0000
1057.0000
2085.0000
682.0000
2235.0000
567.0000
1457.0000
591.0000
407.0000
933.0000
1123.0000
1634.0000
2235.0000
1901.0000
2235.0000
682.0000
1978.0000
567.0000
601.0000
332.0000
2085.0000
741.0000
591.0000
660.0000
2160.0000
332.0000
1999.0000
591.0000
