#n = 18
3194.0000
2293.0000
617.0000
944.0000
2899.0000
3435.0000
1276.0000
4570.0000
4453.0000
2920.0000
937.0000
2293.0000
2836.0000
4098.0000
3153.0000
2165.0000
268.0000
3421.0000
1593.0000
2550.0000
1562.0000
3177.0000
3359.0000
1892.0000
4458.0000
4396.0000
1593.0000
1356.0000
745.0000
944.0000
3960.0000
3773.0000
3877.0000
262.0000
2484.0000
1562.0000
623.0000
1538.0000
4447.0000
4715.0000
1199.0000
3122.0000
4715.0000
3790.0000
2577.0000
2761.0000
3389.0000
3165.0000
944.0000
3208.0000
2200.0000
944.0000
3585.0000
3177.0000
622.0000
63.0000
4715.0000
2422.0000
4715.0000
1274.0000
600.0000
1210.0000
488.0000
1218.0000
3093.0000
1799.0000
3754.0000
2132.0000
2398.0000
4016.0000
4715.0000
4035.0000
2475.0000
3703.0000
4372.0000
2160.0000
961.0000
3389.0000
2920.0000
262.0000
2572.0000
322.0000
1210.0000
3790.0000
4652.0000
1630.0000
4458.0000
1804.0000
1875.0000
2514.0000
4112.0000
1959.0000
4715.0000
4652.0000
2583.0000
1875.0000
618.0000
3194.0000
4715.0000
603.0000
4393.0000
4653.0000
3028.0000
1030.0000
377.0000
1034.0000
3790.0000
2911.0000
4715.0000
1012.0000
4378.0000
4119.0000
4653.0000
2504.0000
925.0000
2720.0000
755.0000
937.0000
4715.0000
4715.0000
4715.0000
699.0000
4458.0000
957.0000
1816.0000
3063.0000
3173.0000
699.0000
4180.0000
4448.0000
4715.0000
3102.0000
4459.0000
4035.0000
1274.0000
2833.0000
4449.0000
62.0000
4242.0000
2887.0000
3194.0000
3389.0000
1280.0000
3342.0000
1199.0000
4133.0000
4715.0000
618.0000
4196.0000
699.0000
4715.0000
3970.0000
2886.0000
3441.0000
4447.0000
2475.0000
4112.0000
2574.0000
2577.0000
4119.0000
2911.0000
755.0000
4448.0000
3177.0000
2240.0000
4097.0000
3692.0000
2756.0000
1995.0000
4120.0000
2499.0000
4044.0000
1550.0000
1560.0000
1213.0000
3102.0000
1507.0000
4459.0000
925.0000
4133.0000
4715.0000
1240.0000
961.0000
3168.0000
2833.0000
2572.0000
2577.0000
2259.0000
3750.0000
2165.0000
4458.0000
1030.0000
4448.0000
3782.0000
3155.0000
862.0000
4092.0000
1687.0000
944.0000
3110.0000
4715.0000
3708.0000
2572.0000
2550.0000
3685.0000
944.0000
2550.0000
267.0000
4393.0000
2574.0000
4242.0000
4715.0000
1636.0000
3235.0000
4016.0000
1593.0000
2840.0000
1274.0000
2432.0000
937.0000
1562.0000
4459.0000
2854.0000
3173.0000
4120.0000
600.0000
680.0000
3516.0000
4715.0000
3750.0000
4378.0000
965.0000
1294.0000
3421.0000
3342.0000
2141.0000
3165.0000
256.0000
1882.0000
1210.0000
4112.0000
965.0000
1547.0000
600.0000
2231.0000
2823.0000
2493.0000
1882.0000
2463.0000
1543.0000
2137.0000
3235.0000
1204.0000
3836.0000
4653.0000
4092.0000
4652.0000
1829.0000
2583.0000
1804.0000
2899.0000
3505.0000
1687.0000
268.0000
1959.0000
4097.0000
1030.0000
657.0000
2211.0000
3155.0000
3534.0000
1652.0000
3685.0000
63.0000
4715.0000
1879.0000
4470.0000
4459.0000
1652.0000
4652.0000
1259.0000
3645.0000
1652.0000
1480.0000
2422.0000
4112.0000
2760.0000
671.0000
4035.0000
2165.0000
2222.0000
1294.0000
4715.0000
4453.0000
4098.0000
1898.0000
2432.0000
4448.0000
3389.0000
343.0000
582.0000
1875.0000
3235.0000
3378.0000
3097.0000
3703.0000
350.0000
2823.0000
3502.0000
377.0000
4092.0000
4459.0000
4119.0000
2854.0000
3475.0000
2456.0000
1373.0000
2911.0000
3782.0000
3093.0000
1326.0000
350.0000
2160.0000
4653.0000
