#n = 15
862.0000
3557.0000
3447.0000
3214.0000
2904.0000
604.0000
3707.0000
873.0000
1065.0000
3365.0000
361.0000
1739.0000
3510.0000
2587.0000
3626.0000
2605.0000
3853.0000
1299.0000
2309.0000
2748.0000
245.0000
459.0000
3969.0000
3571.0000
3703.0000
3640.0000
1566.0000
2999.0000
3107.0000
2342.0000
1331.0000
1193.0000
1382.0000
100.0000
3608.0000
3346.0000
1193.0000
1554.0000
3571.0000
3969.0000
1820.0000
623.0000
256.0000
3214.0000
262.0000
3608.0000
1065.0000
3038.0000
2682.0000
851.0000
1776.0000
757.0000
2904.0000
660.0000
2999.0000
3043.0000
2149.0000
2853.0000
3312.0000
1480.0000
2887.0000
3109.0000
1065.0000
2853.0000
3265.0000
595.0000
448.0000
931.0000
3457.0000
398.0000
266.0000
3626.0000
2223.0000
1361.0000
1564.0000
820.0000
3557.0000
1116.0000
3969.0000
2608.0000
3305.0000
3969.0000
2670.0000
1526.0000
3608.0000
3918.0000
1116.0000
3557.0000
1883.0000
3510.0000
2230.0000
2670.0000
657.0000
1925.0000
2072.0000
2443.0000
2670.0000
1477.0000
3346.0000
2642.0000
3724.0000
2258.0000
755.0000
1477.0000
361.0000
329.0000
2585.0000
809.0000
870.0000
595.0000
1361.0000
970.0000
862.0000
2638.0000
3038.0000
3557.0000
664.0000
3969.0000
3713.0000
2776.0000
448.0000
2670.0000
1065.0000
2415.0000
348.0000
2904.0000
3713.0000
2887.0000
1287.0000
657.0000
1287.0000
2682.0000
3346.0000
757.0000
3703.0000
3969.0000
970.0000
1118.0000
459.0000
1782.0000
1883.0000
412.0000
2226.0000
1361.0000
657.0000
116.0000
2864.0000
2670.0000
448.0000
809.0000
1378.0000
266.0000
757.0000
1361.0000
1260.0000
1382.0000
3265.0000
3118.0000
3038.0000
2864.0000
3118.0000
348.0000
361.0000
1956.0000
2443.0000
1554.0000
3969.0000
2887.0000
329.0000
926.0000
2405.0000
2443.0000
448.0000
2258.0000
3365.0000
2853.0000
3436.0000
3557.0000
966.0000
2237.0000
2841.0000
2853.0000
1820.0000
1477.0000
3869.0000
3212.0000
533.0000
1331.0000
3969.0000
2503.0000
3969.0000
1021.0000
2149.0000
3265.0000
1660.0000
1630.0000
1554.0000
1927.0000
3212.0000
3109.0000
3214.0000
100.0000
3374.0000
3969.0000
266.0000
1361.0000
1883.0000
773.0000
3853.0000
2682.0000
873.0000
3673.0000
757.0000
3713.0000
604.0000
1116.0000
704.0000
3608.0000
1193.0000
2608.0000
3212.0000
3969.0000
3160.0000
2753.0000
1116.0000
