#n = 10
710.0000
2008.0000
2111.0000
2356.0000
512.0000
669.0000
2356.0000
1678.0000
946.0000
1317.0000
1782.0000
2356.0000
1665.0000
710.0000
465.0000
2356.0000
2111.0000
1317.0000
465.0000
1772.0000
1094.0000
2356.0000
1646.0000
1058.0000
1017.0000
117.0000
1181.0000
2356.0000
1782.0000
977.0000
678.0000
2356.0000
1401.0000
710.0000
1379.0000
2356.0000
1891.0000
465.0000
1411.0000
117.0000
691.0000
433.0000
1379.0000
371.0000
946.0000
629.0000
1646.0000
1410.0000
2239.0000
977.0000
1298.0000
629.0000
1678.0000
1772.0000
691.0000
307.0000
2356.0000
827.0000
2239.0000
977.0000
512.0000
1665.0000
2089.0000
117.0000
371.0000
827.0000
1782.0000
267.0000
307.0000
465.0000
245.0000
2356.0000
2356.0000
1763.0000
1646.0000
827.0000
1339.0000
1134.0000
2008.0000
1058.0000
1646.0000
1058.0000
465.0000
117.0000
2049.0000
1994.0000
1923.0000
465.0000
732.0000
1262.0000
945.0000
1401.0000
245.0000
1655.0000
1410.0000
236.0000
2356.0000
1772.0000
1222.0000
1624.0000
