#n = 10
2356.0000
1844.0000
710.0000
1262.0000
2356.0000
1844.0000
1891.0000
245.0000
1410.0000
2008.0000
433.0000
1284.0000
1058.0000
1317.0000
307.0000
384.0000
2356.0000
2049.0000
2089.0000
2356.0000
1749.0000
2356.0000
1134.0000
1134.0000
2111.0000
1339.0000
1646.0000
512.0000
977.0000
1891.0000
245.0000
1379.0000
245.0000
1923.0000
2120.0000
955.0000
465.0000
348.0000
245.0000
2111.0000
1339.0000
1727.0000
701.0000
117.0000
710.0000
1891.0000
1972.0000
574.0000
1891.0000
574.0000
1891.0000
2356.0000
1284.0000
827.0000
977.0000
512.0000
245.0000
1058.0000
2356.0000
1923.0000
1624.0000
1727.0000
977.0000
2089.0000
1175.0000
2356.0000
1727.0000
433.0000
267.0000
629.0000
465.0000
1529.0000
236.0000
1646.0000
1294.0000
1317.0000
1772.0000
1294.0000
1039.0000
2239.0000
1844.0000
2049.0000
1072.0000
1379.0000
2356.0000
2008.0000
584.0000
2356.0000
1410.0000
2356.0000
1891.0000
1294.0000
62.0000
62.0000
371.0000
2239.0000
607.0000
1763.0000
1678.0000
2120.0000
