#n = 14
1951.0000
3127.0000
632.0000
2194.0000
1133.0000
3461.0000
3461.0000
2206.0000
2924.0000
267.0000
871.0000
1937.0000
1951.0000
2250.0000
2279.0000
2986.0000
1902.0000
2936.0000
3127.0000
3278.0000
577.0000
2582.0000
2182.0000
925.0000
3461.0000
945.0000
342.0000
3461.0000
2814.0000
475.0000
1510.0000
1627.0000
879.0000
2870.0000
1103.0000
1524.0000
2223.0000
3339.0000
2328.0000
2627.0000
702.0000
1360.0000
3084.0000
3084.0000
1804.0000
2194.0000
257.0000
1925.0000
243.0000
647.0000
342.0000
3461.0000
1286.0000
1821.0000
2206.0000
2571.0000
1742.0000
2536.0000
1524.0000
1902.0000
1365.0000
2565.0000
293.0000
968.0000
925.0000
2223.0000
3339.0000
3046.0000
2576.0000
995.0000
1742.0000
945.0000
2571.0000
3461.0000
2182.0000
2814.0000
834.0000
475.0000
3461.0000
1834.0000
1548.0000
2590.0000
1829.0000
591.0000
3461.0000
2827.0000
2627.0000
110.0000
3461.0000
3461.0000
1925.0000
3061.0000
1510.0000
1279.0000
3461.0000
2101.0000
2344.0000
1591.0000
1400.0000
3461.0000
2101.0000
2870.0000
1902.0000
3061.0000
2986.0000
639.0000
1470.0000
3278.0000
2924.0000
2333.0000
2206.0000
1719.0000
658.0000
3168.0000
2833.0000
1870.0000
1238.0000
3278.0000
2234.0000
2182.0000
2175.0000
1991.0000
1821.0000
1462.0000
742.0000
110.0000
1360.0000
1524.0000
925.0000
3204.0000
3461.0000
2582.0000
1719.0000
1473.0000
3218.0000
2279.0000
2101.0000
742.0000
133.0000
896.0000
1227.0000
896.0000
1000.0000
1128.0000
2101.0000
1279.0000
1360.0000
1279.0000
232.0000
925.0000
658.0000
122.0000
2576.0000
1103.0000
2468.0000
647.0000
2493.0000
945.0000
769.0000
3461.0000
1829.0000
1510.0000
1951.0000
348.0000
2833.0000
1257.0000
1991.0000
1286.0000
2936.0000
3194.0000
742.0000
993.0000
1742.0000
761.0000
1991.0000
1103.0000
871.0000
3046.0000
3119.0000
3199.0000
1227.0000
1103.0000
1257.0000
1913.0000
1255.0000
1925.0000
925.0000
2182.0000
1133.0000
110.0000
243.0000
2822.0000
2468.0000
2833.0000
1128.0000
1829.0000
