#n = 17
493.0000
2897.0000
250.0000
3885.0000
1081.0000
1233.0000
3635.0000
829.0000
2403.0000
2647.0000
1693.0000
1479.0000
2810.0000
2768.0000
743.0000
1192.0000
729.0000
3306.0000
1205.0000
1958.0000
621.0000
2303.0000
1088.0000
1096.0000
2679.0000
2661.0000
2804.0000
1913.0000
2768.0000
3513.0000
1848.0000
3885.0000
1810.0000
1453.0000
3306.0000
1117.0000
117.0000
984.0000
1406.0000
2479.0000
764.0000
3306.0000
3885.0000
3258.0000
2192.0000
1246.0000
3885.0000
2897.0000
3768.0000
717.0000
1693.0000
2100.0000
117.0000
1817.0000
495.0000
1495.0000
605.0000
250.0000
3508.0000
505.0000
586.0000
3147.0000
2677.0000
3170.0000
257.0000
1198.0000
1785.0000
3885.0000
117.0000
2284.0000
3671.0000
978.0000
2909.0000
3527.0000
3274.0000
3885.0000
2037.0000
621.0000
117.0000
1958.0000
2432.0000
1927.0000
726.0000
1224.0000
2804.0000
3025.0000
358.0000
3885.0000
1479.0000
2390.0000
3885.0000
2183.0000
3168.0000
2432.0000
3769.0000
1958.0000
2787.0000
2798.0000
3490.0000
3507.0000
1824.0000
2222.0000
1950.0000
1095.0000
3378.0000
3885.0000
250.0000
379.0000
3280.0000
3536.0000
3037.0000
233.0000
1663.0000
3527.0000
1574.0000
2911.0000
1663.0000
3757.0000
1834.0000
2911.0000
1075.0000
3280.0000
2804.0000
2436.0000
1571.0000
1495.0000
3757.0000
2479.0000
3132.0000
3665.0000
3885.0000
2311.0000
3403.0000
1198.0000
701.0000
870.0000
1935.0000
2446.0000
1460.0000
3275.0000
1233.0000
753.0000
2921.0000
2170.0000
3885.0000
3037.0000
3156.0000
1848.0000
2911.0000
2479.0000
3885.0000
2639.0000
974.0000
379.0000
2639.0000
1087.0000
1095.0000
122.0000
3378.0000
2222.0000
1348.0000
3628.0000
2789.0000
3554.0000
1192.0000
1935.0000
3554.0000
3763.0000
2432.0000
1208.0000
1117.0000
3490.0000
1098.0000
870.0000
1563.0000
3527.0000
3490.0000
3768.0000
2680.0000
2309.0000
257.0000
1000.0000
2687.0000
3885.0000
3885.0000
1453.0000
2183.0000
358.0000
2303.0000
2787.0000
233.0000
3885.0000
984.0000
3536.0000
3184.0000
717.0000
3299.0000
3775.0000
1322.0000
475.0000
2432.0000
1913.0000
1577.0000
2661.0000
1601.0000
689.0000
3768.0000
3147.0000
3168.0000
2280.0000
3507.0000
1605.0000
1959.0000
366.0000
2897.0000
1605.0000
378.0000
128.0000
753.0000
366.0000
1913.0000
1810.0000
1116.0000
262.0000
1479.0000
379.0000
1785.0000
1087.0000
3273.0000
1571.0000
3025.0000
1224.0000
2789.0000
1571.0000
3264.0000
2183.0000
1332.0000
3299.0000
1454.0000
488.0000
1332.0000
1226.0000
3763.0000
1673.0000
2897.0000
3142.0000
2314.0000
3536.0000
1238.0000
2390.0000
2183.0000
717.0000
3299.0000
753.0000
978.0000
495.0000
1972.0000
3025.0000
2425.0000
1817.0000
2885.0000
1197.0000
3885.0000
1458.0000
1571.0000
110.0000
2432.0000
395.0000
3170.0000
621.0000
1926.0000
1198.0000
1563.0000
1198.0000
2798.0000
1715.0000
612.0000
2804.0000
2051.0000
2170.0000
2290.0000
3563.0000
2436.0000
964.0000
2810.0000
1804.0000
1576.0000
726.0000
488.0000
