#n = 20
4902.0000
3909.0000
2205.0000
5020.0000
1248.0000
2789.0000
300.0000
3333.0000
1830.0000
2515.0000
5202.0000
5202.0000
343.0000
4844.0000
1427.0000
5064.0000
4361.0000
2515.0000
545.0000
1249.0000
4774.0000
2813.0000
128.0000
1249.0000
4607.0000
1274.0000
778.0000
2671.0000
2313.0000
4064.0000
4254.0000
1184.0000
4116.0000
4420.0000
5202.0000
4419.0000
4179.0000
2789.0000
2298.0000
2827.0000
4609.0000
658.0000
2206.0000
5202.0000
4275.0000
4859.0000
5202.0000
4852.0000
3521.0000
958.0000
1351.0000
3794.0000
3928.0000
300.0000
2869.0000
2246.0000
958.0000
4275.0000
3904.0000
783.0000
595.0000
903.0000
2169.0000
3551.0000
4116.0000
1253.0000
1744.0000
2956.0000
4209.0000
1429.0000
4118.0000
2663.0000
3372.0000
145.0000
3649.0000
958.0000
834.0000
2031.0000
2294.0000
343.0000
1565.0000
1744.0000
4364.0000
3866.0000
4558.0000
428.0000
481.0000
377.0000
609.0000
3527.0000
1906.0000
3645.0000
1298.0000
138.0000
243.0000
350.0000
2463.0000
3521.0000
3723.0000
591.0000
4902.0000
4731.0000
4954.0000
1312.0000
2974.0000
5064.0000
3037.0000
1005.0000
1253.0000
1140.0000
4509.0000
3949.0000
3132.0000
4852.0000
709.0000
2375.0000
2035.0000
4244.0000
1031.0000
1685.0000
3771.0000
4611.0000
4540.0000
2205.0000
1998.0000
1651.0000
5202.0000
927.0000
1553.0000
4836.0000
4281.0000
817.0000
4774.0000
4875.0000
3454.0000
358.0000
2869.0000
2070.0000
75.0000
962.0000
4875.0000
3596.0000
2281.0000
5074.0000
1386.0000
3349.0000
4062.0000
1429.0000
145.0000
662.0000
2165.0000
4246.0000
2463.0000
2165.0000
1918.0000
1496.0000
4957.0000
3928.0000
854.0000
4042.0000
3309.0000
1553.0000
2815.0000
377.0000
958.0000
2656.0000
4419.0000
1822.0000
958.0000
3014.0000
4711.0000
2858.0000
1960.0000
2515.0000
3458.0000
1796.0000
4166.0000
3699.0000
4464.0000
5202.0000
1822.0000
4859.0000
956.0000
63.0000
4163.0000
3167.0000
3820.0000
4244.0000
1312.0000
958.0000
2096.0000
2387.0000
2779.0000
1748.0000
2205.0000
2344.0000
595.0000
482.0000
4558.0000
3712.0000
1138.0000
709.0000
838.0000
3242.0000
4875.0000
5017.0000
3242.0000
2594.0000
3380.0000
5020.0000
1312.0000
4493.0000
4852.0000
3712.0000
4209.0000
693.0000
1031.0000
2423.0000
2908.0000
2779.0000
2389.0000
3167.0000
138.0000
3979.0000
4593.0000
5202.0000
4668.0000
545.0000
693.0000
3831.0000
2294.0000
4720.0000
2188.0000
4244.0000
4611.0000
1258.0000
4902.0000
3617.0000
903.0000
3773.0000
3517.0000
1293.0000
3158.0000
4544.0000
3890.0000
1994.0000
2974.0000
245.0000
3578.0000
1624.0000
3251.0000
2908.0000
482.0000
4042.0000
2526.0000
1160.0000
4209.0000
3917.0000
2987.0000
3106.0000
534.0000
2813.0000
343.0000
3566.0000
300.0000
1298.0000
1830.0000
3142.0000
1685.0000
921.0000
248.0000
4299.0000
4890.0000
2278.0000
4593.0000
3473.0000
2375.0000
5202.0000
4368.0000
2513.0000
3142.0000
1822.0000
1138.0000
4721.0000
3699.0000
4244.0000
3284.0000
2169.0000
591.0000
267.0000
4197.0000
962.0000
128.0000
4825.0000
4509.0000
1651.0000
4852.0000
3458.0000
1036.0000
4852.0000
3866.0000
1382.0000
4483.0000
846.0000
4859.0000
2687.0000
3909.0000
343.0000
2215.0000
1253.0000
4420.0000
110.0000
4859.0000
511.0000
3928.0000
3954.0000
3773.0000
5127.0000
854.0000
3979.0000
3242.0000
1565.0000
4875.0000
3127.0000
2298.0000
3954.0000
3171.0000
5202.0000
3686.0000
3309.0000
5202.0000
2789.0000
4954.0000
5202.0000
5202.0000
903.0000
5202.0000
5017.0000
3521.0000
2294.0000
4731.0000
1516.0000
1651.0000
3380.0000
2278.0000
3953.0000
738.0000
1651.0000
5020.0000
2663.0000
3773.0000
63.0000
5202.0000
2463.0000
63.0000
2594.0000
3473.0000
1036.0000
703.0000
1248.0000
5202.0000
2463.0000
3201.0000
2675.0000
395.0000
3551.0000
4179.0000
3380.0000
4657.0000
4171.0000
719.0000
719.0000
4348.0000
4361.0000
593.0000
300.0000
5202.0000
5202.0000
2858.0000
267.0000
5202.0000
4544.0000
4209.0000
600.0000
3999.0000
3551.0000
1918.0000
3006.0000
782.0000
3458.0000
5202.0000
1565.0000
2513.0000
440.0000
4361.0000
2533.0000
1681.0000
1853.0000
4609.0000
5092.0000
