#n = 8
1606.0000
2293.0000
383.0000
2293.0000
2293.0000
2193.0000
245.0000
2293.0000
639.0000
687.0000
878.0000
2293.0000
1916.0000
984.0000
878.0000
1032.0000
1910.0000
345.0000
1835.0000
687.0000
1409.0000
1665.0000
2048.0000
2293.0000
1309.0000
1948.0000
1129.0000
501.0000
1671.0000
2293.0000
1207.0000
501.0000
1032.0000
2293.0000
345.0000
703.0000
1506.0000
706.0000
1654.0000
1409.0000
2037.0000
1606.0000
1229.0000
1415.0000
1565.0000
2037.0000
878.0000
1835.0000
984.0000
1342.0000
1948.0000
884.0000
951.0000
2293.0000
1409.0000
628.0000
1948.0000
1935.0000
2293.0000
728.0000
884.0000
984.0000
501.0000
1964.0000
