#n = 15
3346.0000
704.0000
412.0000
1477.0000
820.0000
873.0000
2503.0000
3626.0000
2181.0000
2503.0000
2187.0000
2853.0000
1116.0000
2443.0000
1116.0000
2904.0000
461.0000
361.0000
512.0000
3457.0000
522.0000
1897.0000
2181.0000
3702.0000
348.0000
851.0000
2605.0000
3265.0000
2392.0000
3969.0000
1331.0000
3969.0000
1193.0000
1883.0000
2226.0000
2149.0000
3969.0000
1526.0000
1782.0000
1082.0000
2770.0000
1105.0000
1116.0000
3118.0000
398.0000
1331.0000
1384.0000
512.0000
1832.0000
3608.0000
3713.0000
3309.0000
2342.0000
755.0000
1382.0000
2072.0000
2342.0000
1978.0000
1116.0000
398.0000
873.0000
3265.0000
2851.0000
1221.0000
3969.0000
1378.0000
3149.0000
1564.0000
1105.0000
1627.0000
2864.0000
1065.0000
664.0000
660.0000
2587.0000
3969.0000
512.0000
3969.0000
2403.0000
755.0000
604.0000
3003.0000
2853.0000
2244.0000
3969.0000
3118.0000
2489.0000
3869.0000
931.0000
266.0000
2193.0000
3969.0000
1782.0000
870.0000
245.0000
1746.0000
3713.0000
2137.0000
1739.0000
267.0000
3521.0000
2999.0000
1660.0000
398.0000
2492.0000
1199.0000
3107.0000
3043.0000
1660.0000
266.0000
2237.0000
3265.0000
2489.0000
461.0000
2904.0000
1711.0000
348.0000
2443.0000
343.0000
3557.0000
1327.0000
1739.0000
2489.0000
2753.0000
3109.0000
398.0000
1839.0000
2853.0000
3608.0000
3969.0000
2415.0000
1832.0000
3212.0000
2403.0000
604.0000
3707.0000
1526.0000
3571.0000
3309.0000
3969.0000
1991.0000
2130.0000
3118.0000
3099.0000
1927.0000
1577.0000
348.0000
3707.0000
296.0000
1021.0000
522.0000
1564.0000
1193.0000
3707.0000
595.0000
1287.0000
3557.0000
2748.0000
3703.0000
3149.0000
1782.0000
1925.0000
3374.0000
3099.0000
1782.0000
1065.0000
1660.0000
3969.0000
1732.0000
1627.0000
2709.0000
2670.0000
3571.0000
2638.0000
2904.0000
1630.0000
3707.0000
361.0000
3626.0000
2492.0000
1927.0000
3160.0000
1116.0000
1480.0000
1260.0000
262.0000
2682.0000
2608.0000
1566.0000
3557.0000
2853.0000
3003.0000
862.0000
851.0000
3346.0000
1299.0000
2187.0000
3305.0000
329.0000
2086.0000
412.0000
2841.0000
245.0000
3969.0000
1630.0000
773.0000
3621.0000
2503.0000
2223.0000
266.0000
2638.0000
2887.0000
1956.0000
3969.0000
361.0000
2853.0000
2853.0000
3608.0000
3107.0000
412.0000
2309.0000
1105.0000
3702.0000
1193.0000
3918.0000
