#n = 18
4715.0000
63.0000
3421.0000
1204.0000
2766.0000
2222.0000
2252.0000
4390.0000
2201.0000
1547.0000
3970.0000
3208.0000
2620.0000
582.0000
1636.0000
4715.0000
1897.0000
3773.0000
412.0000
2578.0000
262.0000
1280.0000
1562.0000
4092.0000
885.0000
145.0000
2572.0000
596.0000
4112.0000
3421.0000
3102.0000
3758.0000
4372.0000
1538.0000
2550.0000
3852.0000
4715.0000
4449.0000
1687.0000
2818.0000
268.0000
2240.0000
657.0000
2911.0000
268.0000
1875.0000
361.0000
3097.0000
745.0000
63.0000
2456.0000
3790.0000
2222.0000
3441.0000
1547.0000
3790.0000
2132.0000
2216.0000
596.0000
1892.0000
2836.0000
1799.0000
745.0000
1954.0000
262.0000
1130.0000
4715.0000
3342.0000
1240.0000
4035.0000
3155.0000
582.0000
1280.0000
1550.0000
2398.0000
2398.0000
2317.0000
412.0000
942.0000
4093.0000
623.0000
2201.0000
1199.0000
2141.0000
4458.0000
1461.0000
2823.0000
1326.0000
2823.0000
4115.0000
2165.0000
1636.0000
2578.0000
4653.0000
2499.0000
266.0000
3389.0000
4652.0000
3413.0000
1259.0000
3172.0000
1613.0000
2456.0000
4044.0000
1949.0000
3754.0000
3441.0000
2252.0000
1795.0000
1542.0000
4378.0000
145.0000
3172.0000
3079.0000
4372.0000
1480.0000
4715.0000
3342.0000
1337.0000
4715.0000
2398.0000
1480.0000
1804.0000
4715.0000
3413.0000
350.0000
885.0000
618.0000
1542.0000
262.0000
3773.0000
4035.0000
2833.0000
4715.0000
3681.0000
2514.0000
2456.0000
3389.0000
885.0000
4097.0000
2887.0000
671.0000
2911.0000
1373.0000
1652.0000
4715.0000
412.0000
3456.0000
972.0000
3028.0000
1550.0000
266.0000
2766.0000
3475.0000
3681.0000
1687.0000
1373.0000
1356.0000
519.0000
2432.0000
412.0000
1218.0000
4354.0000
3421.0000
1892.0000
879.0000
3970.0000
4715.0000
3208.0000
325.0000
2143.0000
1461.0000
3173.0000
2165.0000
4092.0000
4035.0000
1949.0000
1618.0000
267.0000
3960.0000
3970.0000
1560.0000
3773.0000
680.0000
535.0000
1795.0000
2583.0000
1605.0000
3378.0000
3173.0000
1276.0000
1034.0000
680.0000
4447.0000
2823.0000
2493.0000
1547.0000
4390.0000
4044.0000
1974.0000
1181.0000
3790.0000
2550.0000
4715.0000
1199.0000
2760.0000
2515.0000
473.0000
1240.0000
3497.0000
4390.0000
1879.0000
1804.0000
1507.0000
1213.0000
4715.0000
319.0000
1897.0000
3389.0000
256.0000
2756.0000
206.0000
2834.0000
2515.0000
3708.0000
2201.0000
4115.0000
1181.0000
1881.0000
2398.0000
4381.0000
4715.0000
2160.0000
2200.0000
2577.0000
2484.0000
2165.0000
2911.0000
1613.0000
2515.0000
3782.0000
4058.0000
256.0000
3208.0000
2259.0000
4653.0000
2504.0000
4715.0000
925.0000
1881.0000
3790.0000
885.0000
2834.0000
1875.0000
3413.0000
4035.0000
1593.0000
617.0000
582.0000
3172.0000
2283.0000
942.0000
2823.0000
262.0000
2398.0000
3173.0000
3754.0000
2578.0000
4112.0000
2760.0000
1995.0000
4453.0000
3692.0000
2840.0000
933.0000
1034.0000
2398.0000
1949.0000
1550.0000
1543.0000
2137.0000
4393.0000
1007.0000
1974.0000
325.0000
1547.0000
1875.0000
319.0000
519.0000
4653.0000
4715.0000
3750.0000
1326.0000
206.0000
1875.0000
2200.0000
3960.0000
519.0000
657.0000
4715.0000
3097.0000
2432.0000
4133.0000
2216.0000
535.0000
1974.0000
4453.0000
2577.0000
3685.0000
680.0000
2577.0000
942.0000
2761.0000
4242.0000
2515.0000
2766.0000
2911.0000
2484.0000
4058.0000
4119.0000
3778.0000
1280.0000
2240.0000
206.0000
