#n = 10
465.0000
362.0000
678.0000
362.0000
2111.0000
1624.0000
584.0000
267.0000
1994.0000
1339.0000
1379.0000
1298.0000
710.0000
245.0000
691.0000
1262.0000
1646.0000
2356.0000
1891.0000
914.0000
1062.0000
1646.0000
2356.0000
2356.0000
2356.0000
1646.0000
691.0000
2356.0000
1262.0000
1072.0000
669.0000
433.0000
362.0000
2239.0000
1972.0000
2356.0000
348.0000
1379.0000
710.0000
1058.0000
1763.0000
2089.0000
1411.0000
955.0000
2356.0000
2356.0000
2008.0000
465.0000
1262.0000
1749.0000
1727.0000
607.0000
1782.0000
574.0000
245.0000
371.0000
2294.0000
267.0000
593.0000
2111.0000
1655.0000
2111.0000
710.0000
1379.0000
1891.0000
1134.0000
384.0000
1411.0000
691.0000
1655.0000
2111.0000
1891.0000
1298.0000
2356.0000
1072.0000
1772.0000
1844.0000
348.0000
1687.0000
371.0000
2356.0000
1094.0000
1379.0000
2356.0000
710.0000
1646.0000
1181.0000
62.0000
62.0000
2294.0000
1665.0000
1678.0000
2356.0000
1624.0000
1181.0000
1411.0000
2356.0000
593.0000
512.0000
1972.0000
