#n = 12
2657.0000
371.0000
1328.0000
1816.0000
2164.0000
1317.0000
1180.0000
1457.0000
206.0000
1828.0000
1317.0000
1477.0000
1329.0000
2594.0000
2657.0000
2541.0000
768.0000
1329.0000
766.0000
2541.0000
397.0000
2117.0000
525.0000
841.0000
1827.0000
1944.0000
597.0000
2286.0000
1328.0000
453.0000
1427.0000
2657.0000
1889.0000
974.0000
206.0000
603.0000
2132.0000
2547.0000
2204.0000
2466.0000
1828.0000
1944.0000
1567.0000
316.0000
957.0000
2657.0000
1573.0000
1577.0000
1816.0000
2541.0000
748.0000
2657.0000
1296.0000
836.0000
803.0000
2657.0000
952.0000
226.0000
1630.0000
525.0000
434.0000
2657.0000
1889.0000
864.0000
2657.0000
1577.0000
731.0000
334.0000
1427.0000
709.0000
2030.0000
2657.0000
690.0000
2657.0000
709.0000
836.0000
2657.0000
256.0000
1180.0000
1571.0000
2280.0000
1086.0000
2657.0000
1201.0000
2414.0000
1200.0000
1705.0000
836.0000
1793.0000
540.0000
1630.0000
1573.0000
836.0000
2541.0000
709.0000
334.0000
334.0000
1630.0000
1683.0000
2164.0000
627.0000
1828.0000
1427.0000
1427.0000
1889.0000
2060.0000
1821.0000
1457.0000
1024.0000
434.0000
650.0000
650.0000
803.0000
226.0000
1821.0000
1230.0000
829.0000
836.0000
1328.0000
1967.0000
829.0000
256.0000
1520.0000
731.0000
1090.0000
748.0000
2030.0000
1477.0000
2657.0000
2286.0000
493.0000
864.0000
1456.0000
964.0000
2132.0000
2466.0000
1677.0000
434.0000
206.0000
2414.0000
487.0000
1027.0000
337.0000
1427.0000
