#n = 11
332.0000
1990.0000
257.0000
1379.0000
607.0000
245.0000
2235.0000
409.0000
1057.0000
1532.0000
332.0000
1389.0000
332.0000
1634.0000
2235.0000
1168.0000
846.0000
1253.0000
933.0000
1296.0000
703.0000
2235.0000
1668.0000
1901.0000
2235.0000
2160.0000
1348.0000
992.0000
982.0000
1644.0000
735.0000
2235.0000
2235.0000
921.0000
1668.0000
1826.0000
1377.0000
601.0000
858.0000
1644.0000
611.0000
236.0000
257.0000
1828.0000
939.0000
75.0000
2053.0000
676.0000
1644.0000
741.0000
1903.0000
611.0000
1634.0000
53.0000
1112.0000
846.0000
75.0000
1723.0000
1946.0000
1946.0000
1532.0000
1227.0000
887.0000
810.0000
2235.0000
1314.0000
267.0000
1494.0000
332.0000
75.0000
1377.0000
409.0000
1123.0000
933.0000
75.0000
257.0000
607.0000
666.0000
1828.0000
1057.0000
703.0000
2235.0000
1714.0000
607.0000
1668.0000
939.0000
245.0000
567.0000
521.0000
521.0000
245.0000
2235.0000
810.0000
1624.0000
409.0000
1377.0000
1014.0000
1478.0000
591.0000
1628.0000
407.0000
1789.0000
150.0000
1946.0000
1067.0000
1067.0000
741.0000
741.0000
2235.0000
810.0000
409.0000
267.0000
1532.0000
1624.0000
1348.0000
446.0000
2053.0000
1494.0000
1103.0000
332.0000
2160.0000
