#n = 16
2394.0000
3410.0000
664.0000
3911.0000
2409.0000
715.0000
3911.0000
527.0000
1165.0000
2213.0000
3302.0000
3911.0000
411.0000
1516.0000
1158.0000
1141.0000
1774.0000
1718.0000
1959.0000
3036.0000
3666.0000
116.0000
2395.0000
3858.0000
1531.0000
1686.0000
875.0000
2380.0000
2240.0000
2458.0000
972.0000
1141.0000
1173.0000
2415.0000
1120.0000
147.0000
2753.0000
2839.0000
298.0000
907.0000
411.0000
3384.0000
527.0000
1120.0000
3004.0000
2753.0000
2385.0000
1867.0000
1671.0000
2738.0000
1310.0000
1839.0000
1052.0000
787.0000
245.0000
2458.0000
2395.0000
744.0000
3149.0000
2601.0000
3167.0000
593.0000
2012.0000
2393.0000
1633.0000
2485.0000
1983.0000
1105.0000
1959.0000
3563.0000
2044.0000
1148.0000
1867.0000
1519.0000
3563.0000
3650.0000
3293.0000
1952.0000
53.0000
2746.0000
3550.0000
3202.0000
1783.0000
3202.0000
3384.0000
2128.0000
1453.0000
53.0000
1867.0000
1165.0000
3766.0000
3911.0000
3557.0000
2394.0000
2839.0000
3149.0000
3911.0000
1783.0000
3500.0000
1649.0000
53.0000
545.0000
2044.0000
1337.0000
1478.0000
3497.0000
501.0000
2044.0000
3911.0000
3485.0000
2939.0000
989.0000
709.0000
2792.0000
2380.0000
1787.0000
3124.0000
2044.0000
1665.0000
245.0000
809.0000
3795.0000
1959.0000
2939.0000
3515.0000
875.0000
956.0000
1686.0000
2044.0000
2385.0000
426.0000
1119.0000
3858.0000
2393.0000
373.0000
2393.0000
762.0000
464.0000
464.0000
1088.0000
396.0000
2061.0000
3270.0000
545.0000
1158.0000
2012.0000
3568.0000
3911.0000
2061.0000
2986.0000
2393.0000
1531.0000
1105.0000
2047.0000
1516.0000
2047.0000
2240.0000
3911.0000
2409.0000
1420.0000
426.0000
1221.0000
1496.0000
1914.0000
1787.0000
1517.0000
1350.0000
2746.0000
3202.0000
3057.0000
2792.0000
1928.0000
1105.0000
1120.0000
2385.0000
1952.0000
1649.0000
1671.0000
3911.0000
3149.0000
2246.0000
1774.0000
1776.0000
3911.0000
1274.0000
1141.0000
2193.0000
1698.0000
343.0000
787.0000
3485.0000
3447.0000
3550.0000
53.0000
3033.0000
1867.0000
2823.0000
2313.0000
1983.0000
3410.0000
2791.0000
2491.0000
354.0000
811.0000
169.0000
1273.0000
3033.0000
3318.0000
787.0000
2409.0000
147.0000
3318.0000
3911.0000
3911.0000
609.0000
3057.0000
2792.0000
3447.0000
257.0000
3318.0000
1420.0000
989.0000
3036.0000
2955.0000
3220.0000
1158.0000
609.0000
1671.0000
2394.0000
1235.0000
989.0000
426.0000
2859.0000
3202.0000
3911.0000
354.0000
1105.0000
3102.0000
169.0000
2792.0000
907.0000
2776.0000
715.0000
1052.0000
609.0000
3302.0000
3124.0000
2637.0000
2839.0000
3220.0000
1892.0000
854.0000
762.0000
2019.0000
3049.0000
3563.0000
