#n = 12
650.0000
1143.0000
1854.0000
2541.0000
371.0000
1024.0000
1705.0000
2223.0000
1090.0000
748.0000
836.0000
1577.0000
1577.0000
957.0000
1571.0000
371.0000
1200.0000
1201.0000
713.0000
540.0000
1683.0000
243.0000
1948.0000
1705.0000
709.0000
1180.0000
2657.0000
371.0000
2401.0000
1361.0000
1361.0000
1514.0000
841.0000
2223.0000
690.0000
128.0000
803.0000
1328.0000
1457.0000
1573.0000
1340.0000
1361.0000
1143.0000
1024.0000
1967.0000
1361.0000
2164.0000
2204.0000
864.0000
377.0000
63.0000
1027.0000
974.0000
63.0000
128.0000
2132.0000
2401.0000
593.0000
110.0000
964.0000
1827.0000
974.0000
1200.0000
2286.0000
2594.0000
2594.0000
974.0000
1683.0000
2225.0000
1793.0000
2657.0000
1477.0000
2657.0000
1693.0000
1571.0000
1230.0000
2117.0000
1793.0000
690.0000
2529.0000
2657.0000
1427.0000
1683.0000
453.0000
1456.0000
603.0000
768.0000
597.0000
690.0000
432.0000
1457.0000
432.0000
713.0000
1329.0000
1080.0000
2286.0000
2529.0000
2541.0000
493.0000
1677.0000
2657.0000
1520.0000
841.0000
1700.0000
2657.0000
1457.0000
1457.0000
499.0000
2286.0000
2158.0000
1891.0000
371.0000
334.0000
1329.0000
2657.0000
650.0000
836.0000
1200.0000
540.0000
766.0000
2657.0000
1693.0000
2657.0000
337.0000
2657.0000
1230.0000
432.0000
957.0000
2223.0000
731.0000
2286.0000
128.0000
1577.0000
690.0000
1630.0000
1143.0000
1329.0000
1329.0000
627.0000
1891.0000
206.0000
525.0000
2657.0000
2451.0000
