#n = 16
691.0000
2380.0000
3177.0000
3568.0000
3384.0000
1983.0000
2225.0000
809.0000
2160.0000
1774.0000
1426.0000
2806.0000
1959.0000
1718.0000
1088.0000
1959.0000
116.0000
116.0000
1478.0000
1165.0000
527.0000
1787.0000
811.0000
3795.0000
1867.0000
1928.0000
762.0000
3911.0000
1776.0000
530.0000
3012.0000
1088.0000
1120.0000
3858.0000
1072.0000
1686.0000
53.0000
2485.0000
348.0000
2651.0000
3149.0000
1105.0000
2806.0000
3911.0000
2137.0000
3410.0000
348.0000
1892.0000
1776.0000
2097.0000
2955.0000
2508.0000
1776.0000
2676.0000
2137.0000
147.0000
3302.0000
2690.0000
1478.0000
1135.0000
3004.0000
530.0000
1235.0000
2806.0000
3247.0000
691.0000
1983.0000
2651.0000
2340.0000
3485.0000
245.0000
1526.0000
2574.0000
2738.0000
3318.0000
734.0000
3004.0000
3124.0000
1426.0000
2097.0000
3247.0000
3795.0000
1783.0000
1864.0000
1839.0000
545.0000
3318.0000
2690.0000
1983.0000
3858.0000
1260.0000
1718.0000
2806.0000
3247.0000
3196.0000
3911.0000
3911.0000
1088.0000
1892.0000
1517.0000
2763.0000
2839.0000
2097.0000
257.0000
1221.0000
3270.0000
1928.0000
3270.0000
53.0000
609.0000
2690.0000
3911.0000
2415.0000
691.0000
1671.0000
348.0000
2651.0000
1235.0000
1839.0000
2508.0000
1850.0000
3654.0000
1496.0000
2047.0000
3550.0000
1420.0000
3911.0000
2012.0000
1426.0000
2485.0000
3911.0000
53.0000
2128.0000
527.0000
609.0000
2676.0000
762.0000
3911.0000
2072.0000
1420.0000
2738.0000
545.0000
2791.0000
464.0000
1403.0000
3318.0000
3911.0000
2047.0000
1959.0000
1665.0000
1959.0000
1751.0000
2262.0000
411.0000
3568.0000
641.0000
1350.0000
2955.0000
3513.0000
2135.0000
3036.0000
116.0000
527.0000
2385.0000
1914.0000
1105.0000
1274.0000
1337.0000
2561.0000
3012.0000
2137.0000
2508.0000
1665.0000
2508.0000
1698.0000
3485.0000
2485.0000
2340.0000
1496.0000
925.0000
545.0000
2240.0000
1718.0000
1148.0000
1105.0000
3911.0000
3302.0000
744.0000
1250.0000
1519.0000
664.0000
2986.0000
2061.0000
1899.0000
3911.0000
2955.0000
2806.0000
2922.0000
1518.0000
527.0000
3177.0000
1892.0000
709.0000
3004.0000
3911.0000
1135.0000
1288.0000
257.0000
1698.0000
609.0000
1135.0000
1141.0000
989.0000
1519.0000
2574.0000
2491.0000
2637.0000
3177.0000
3911.0000
3270.0000
116.0000
1531.0000
956.0000
3563.0000
3447.0000
1718.0000
266.0000
3057.0000
501.0000
734.0000
2922.0000
2806.0000
734.0000
3911.0000
2859.0000
3911.0000
398.0000
3293.0000
3858.0000
1453.0000
53.0000
907.0000
3318.0000
3049.0000
3911.0000
1671.0000
2124.0000
1698.0000
2637.0000
1997.0000
641.0000
1867.0000
3513.0000
2458.0000
1135.0000
646.0000
